4 0.0678841 0.074163 0.0569024 0.0508635 1
4 0.0333202 0.192992 0.0501605 0.0846149 2
4 0.433524 0.536103 0.0363485 0.0771515 3
5 0.0680543 0.075804 0.0601428 0.0516674 4
4 0.03486 0.194452 0.0417091 0.0787503 5
5 0.433946 0.534778 0.0371704 0.0789602 6
5 0.0328536 0.19247 0.04922 0.0867124 7
5 0.319391 0.159216 0.0138676 0.0241296 8
5 0.423327 0.230132 0.0142523 0.0269666 9
5 0.497101 0.232605 0.0144775 0.0271286 10
5 0.554923 0.44277 0.0361699 0.137522 11
4 0.300092 0.325981 0.0259603 0.0956095 12
