4 0.247073 0.11061 0.0501049 0.0829071 1
4 0.649517 0.491547 0.0304617 0.0800738 2
5 0.246129 0.11005 0.0506309 0.0800081 3
4 0.651336 0.496511 0.0300666 0.0732415 4
5 0.519777 0.0651585 0.0149773 0.0245029 5
5 0.709521 0.123217 0.0197149 0.0327328 6
4 0.506607 0.2527 0.0280479 0.110207 7
5 0.00817644 0.830347 0.0162846 0.0389713 8
5 0.76377 0.416253 0.0290388 0.0913195 9
4 0.763564 0.413647 0.0298609 0.0936896 10
5 0.649924 0.488745 0.0317027 0.0868583 11
5 0.627861 0.143671 0.0135759 0.0229743 12
5 0.543825 0.171479 0.016457 0.0258743 13
