4 0.276269 0.119841 0.0620341 0.0692649 1
5 0.0265863 0.817675 0.0512595 0.0519674 2
5 0.775867 0.507208 0.0298759 0.0943171 3
5 0.462833 0.0136616 0.0179214 0.0273233 4
5 0.722192 0.119222 0.0203564 0.0360541 5
5 0.712451 0.491606 0.0229461 0.0341112 6
4 0.67243 0.54095 0.0354429 0.0925112 7
8 0.519805 0.296306 0.0257416 0.0956986 8
5 0.550747 0.168098 0.0158358 0.0276165 9
4 0.517564 0.297474 0.0260836 0.0926865 10
5 0.273729 0.120238 0.0617193 0.073476 11
5 0.67241 0.53898 0.0324606 0.0998137 12
