4 0.270195 0.111841 0.0531434 0.0727711 1
4 0.669001 0.516292 0.0280693 0.0838152 2
5 0.0225529 0.820459 0.0451058 0.045556 3
4 0.263625 0.109954 0.0423973 0.0625503 4
4 0.0212537 0.822811 0.0425074 0.0468496 5
5 0.779284 0.457237 0.0274273 0.0843719 6
4 0.671158 0.520146 0.0263601 0.0785982 7
5 0.669525 0.517026 0.0289621 0.0845594 8
4 0.519002 0.270785 0.0242744 0.107369 9
5 0.778842 0.463714 0.0305286 0.0996277 10
5 0.555479 0.166881 0.0162067 0.0254986 11
8 0.671264 0.519254 0.0247969 0.0784092 12
5 0.531787 0.0599233 0.0133858 0.0265798 13
5 0.268789 0.112787 0.0571793 0.0719216 14
5 0.725355 0.117277 0.0192589 0.0355373 15
