4 0.270728 0.115073 0.0539923 0.0651062 1
4 0.518731 0.276699 0.0248667 0.101603 2
4 0.668981 0.518011 0.0289398 0.0932782 3
4 0.0223216 0.823032 0.0446432 0.0471446 4
5 0.0233857 0.819948 0.0467714 0.0459432 5
5 0.270015 0.112897 0.0548965 0.0709642 6
5 0.778129 0.474903 0.0338167 0.099511 7
5 0.55488 0.167034 0.0154586 0.0266926 8
5 0.724862 0.117876 0.0197859 0.0361416 9
5 0.670081 0.516118 0.0296124 0.0979498 10
5 0.531338 0.060004 0.0133537 0.0256023 11
8 0.0226396 0.819474 0.0452793 0.0467979 12
