4 0.273003 0.127212 0.0619579 0.0637981 1
5 0.0298713 0.807086 0.0479222 0.0601142 2
5 0.271382 0.127645 0.0625553 0.0628949 3
5 0.708708 0.125174 0.0198151 0.0364391 4
5 0.514434 0.0651474 0.0140717 0.0260004 5
5 0.457909 0.021897 0.0191134 0.0355162 6
5 0.759631 0.56504 0.0382745 0.0999444 7
8 0.668019 0.580294 0.0265205 0.0911213 8
4 0.505044 0.320972 0.025293 0.0945398 9
5 0.52328 0.028286 0.0156281 0.0335092 10
4 0.759846 0.559499 0.0379476 0.0885247 11
4 0.665982 0.58003 0.0300211 0.0892248 12
5 0.704792 0.507766 0.0247405 0.0399067 13
