4 0.275585 0.120711 0.059959 0.0731951 1
4 0.0292138 0.814291 0.0497284 0.0552985 2
4 0.274079 0.124018 0.0590763 0.0603876 3
5 0.0297693 0.812894 0.0473622 0.0548197 4
5 0.54573 0.166621 0.0173072 0.0282765 5
5 0.769896 0.523389 0.0334796 0.093521 6
4 0.271508 0.123246 0.0519403 0.0538591 7
5 0.718014 0.121629 0.0188748 0.0345355 8
5 0.273005 0.125647 0.0615374 0.0683653 9
5 0.523778 0.0630952 0.0132781 0.021857 10
5 0.769822 0.53493 0.0331739 0.114231 11
5 0.46268 0.0147352 0.0173502 0.0294705 12
