4 0.27635 0.122642 0.0631271 0.0648532 1
4 0.0288521 0.815103 0.0498553 0.0519163 2
5 0.0283783 0.814895 0.0502359 0.0538303 3
4 0.773667 0.515338 0.0303083 0.0882021 4
5 0.772973 0.521326 0.0355299 0.101106 5
5 0.773607 0.515591 0.0309018 0.0905677 6
4 0.67209 0.552451 0.0289076 0.0855688 7
5 0.274812 0.122567 0.0591086 0.0679435 8
5 0.462889 0.0136136 0.0172212 0.0272272 9
5 0.704968 0.27578 0.0158308 0.0380698 10
8 0.518204 0.300767 0.0264965 0.10071 11
4 0.774118 0.535005 0.0411955 0.144717 12
5 0.720166 0.120336 0.0179525 0.0336025 13
5 0.525786 0.062546 0.0130796 0.02327 14
5 0.547932 0.167255 0.0156315 0.0273689 15
5 0.472589 0.26617 0.0128333 0.0249759 16
5 0.635803 0.14555 0.0111375 0.0232774 17
