4 0.278109 0.147494 0.0657246 0.0605619 1
5 0.0380104 0.8097 0.0504405 0.0603519 2
5 0.744084 0.635241 0.043605 0.0930353 3
4 0.0383727 0.808705 0.0500437 0.0603082 4
5 0.508333 0.0791271 0.0147093 0.0245792 5
8 0.668353 0.633173 0.0246181 0.0866063 6
5 0.702869 0.137545 0.0188841 0.0349912 7
4 0.667745 0.633564 0.0274935 0.0849991 8
5 0.66751 0.631649 0.0268234 0.0882786 9
0 0.278247 0.147866 0.0651633 0.0579966 10
5 0.454888 0.0485336 0.0190453 0.0336578 11
4 0.275846 0.147924 0.0585576 0.0531213 12
5 0.618125 0.161117 0.0119432 0.023917 13
5 0.278082 0.148218 0.0666397 0.0557808 14
