4 0.289074 0.226338 0.0673277 0.0540688 1
5 0.0555292 0.851668 0.0432953 0.0769555 2
5 0.286703 0.226643 0.0648764 0.0512282 3
0 0.286251 0.226718 0.0622643 0.054317 4
4 0.0546905 0.850692 0.0443076 0.0768433 5
5 0.724093 0.763789 0.0482914 0.0548691 6
5 0.720798 0.761812 0.0577084 0.0505093 7
4 0.505152 0.463207 0.0325825 0.101593 8
5 0.614228 0.232804 0.0111779 0.0220123 9
5 0.452122 0.130367 0.0174316 0.0294561 10
5 0.698661 0.59358 0.020462 0.0419969 11
5 0.66489 0.293716 0.0162661 0.0284319 12
