4 0.291865 0.269155 0.0654743 0.0522817 1
5 0.0622744 0.878636 0.0462868 0.0726132 2
5 0.290674 0.268377 0.0653629 0.0518527 3
5 0.713252 0.827708 0.0496213 0.057938 4
5 0.712875 0.833453 0.0447634 0.0681203 5
4 0.0622679 0.880182 0.0464528 0.0701301 6
0 0.290704 0.269487 0.0673464 0.0543549 7
5 0.258785 0.0786004 0.0550872 0.0517626 8
5 0.502759 0.186036 0.0120684 0.0231009 9
4 0.715112 0.82929 0.0453892 0.0586968 10
5 0.692715 0.62182 0.0209402 0.0385864 11
4 0.713473 0.832094 0.0532838 0.0653207 12
