4 0.285823 0.215038 0.0619299 0.054146 1
4 0.0543464 0.848149 0.0467395 0.0745975 2
5 0.0529944 0.845072 0.0440078 0.076829 3
5 0.726155 0.745519 0.0487803 0.0568743 4
4 0.670911 0.732187 0.0288221 0.0914889 5
5 0.286328 0.214363 0.0646069 0.0533346 6
5 0.453205 0.120236 0.0176884 0.0305727 7
5 0.725024 0.743427 0.0580846 0.0550941 8
5 0.699151 0.198487 0.0172911 0.0303925 9
4 0.505115 0.453242 0.0299302 0.0884099 10
5 0.700975 0.584507 0.0198764 0.0374304 11
4 0.727867 0.747785 0.0550343 0.0597344 12
0 0.285698 0.216353 0.0622411 0.0545137 13
5 0.671108 0.728215 0.0287017 0.0995714 14
