4 0.283985 0.17582 0.0632992 0.0558803 1
4 0.0451514 0.824255 0.0470485 0.067809 2
5 0.0460071 0.824068 0.0476601 0.0683112 3
0 0.280989 0.175445 0.0642954 0.0552622 4
4 0.667745 0.672945 0.0284756 0.0955951 5
5 0.281695 0.175004 0.0641441 0.0525871 6
8 0.668768 0.676652 0.0251582 0.0877996 7
5 0.735056 0.681681 0.0492252 0.0869205 8
5 0.505041 0.103446 0.0143345 0.0263059 9
5 0.647833 0.278364 0.0209852 0.0307988 10
5 0.456953 0.0786389 0.0173832 0.0336434 11
5 0.458767 0.257978 0.014216 0.0287365 12
5 0.668656 0.673355 0.0285227 0.0961351 13
