4 0.290325 0.253935 0.063983 0.053597 1
4 0.06138 0.872359 0.0467065 0.0715878 2
5 0.0601609 0.868782 0.0465823 0.0741623 3
5 0.714019 0.80946 0.0540615 0.0624805 4
5 0.289479 0.253909 0.064938 0.0510135 5
4 0.507166 0.507174 0.0340303 0.0853002 6
5 0.451494 0.158069 0.0175287 0.0292142 7
5 0.717291 0.807578 0.0516104 0.0544398 8
4 0.717039 0.810476 0.0513363 0.063443 9
0 0.287927 0.254884 0.0674603 0.0521882 10
5 0.741636 0.197961 0.014353 0.0284234 11
5 0.69463 0.611966 0.0211658 0.0391784 12
5 0.698688 0.235748 0.0167184 0.0298541 13
5 0.502453 0.173986 0.0125706 0.0233037 14
