4 0.284468 0.188895 0.0626067 0.0565117 1
5 0.0482623 0.830842 0.0477389 0.0710146 2
5 0.283553 0.187581 0.0645211 0.0532255 3
5 0.732783 0.700398 0.0516807 0.0765795 4
5 0.545491 0.0352046 0.0179306 0.0326111 5
5 0.703338 0.563248 0.0223481 0.0384828 6
4 0.503536 0.402186 0.0351015 0.118712 7
4 0.66778 0.691847 0.0274633 0.0920284 8
5 0.455344 0.0924932 0.0169885 0.0320659 9
5 0.732199 0.703876 0.058033 0.0861289 10
5 0.504444 0.115691 0.0145124 0.0264349 11
5 0.668761 0.692832 0.0279976 0.0953146 12
5 0.615479 0.19984 0.0113392 0.0203856 13
4 0.0470508 0.831592 0.0458761 0.0719962 14
