0 0.297619 0.340192 0.0658046 0.0568826 1
4 0.300236 0.339043 0.0672698 0.0554805 2
5 0.298558 0.339943 0.0679534 0.0515203 3
5 0.260459 0.149054 0.0641585 0.052201 4
5 0.07483 0.921036 0.0454027 0.0719539 5
4 0.262275 0.151016 0.0610265 0.049183 6
5 0.699382 0.934273 0.0413993 0.0536852 7
0 0.264477 0.14975 0.0619421 0.0571042 8
5 0.448997 0.235229 0.017939 0.0291714 9
5 0.696519 0.315212 0.0154225 0.0288535 10
5 0.673843 0.646645 0.0233954 0.0535892 11
5 0.677235 0.463096 0.0176052 0.029088 12
5 0.23836 0.259828 0.0197452 0.0318892 13
5 0.611596 0.338324 0.0122926 0.0228762 14
