4 0.071351 0.909526 0.045434 0.078005 1
5 0.072381 0.911328 0.0462082 0.0765067 2
4 0.296627 0.327382 0.0636618 0.0479676 3
5 0.701258 0.914321 0.0451452 0.0599852 4
5 0.297471 0.327062 0.0687561 0.0475891 5
5 0.702955 0.908859 0.0445825 0.0493108 6
5 0.678297 0.645144 0.0226107 0.0468611 7
5 0.44995 0.222356 0.0158948 0.0280824 8
5 0.696798 0.302047 0.0155823 0.0299914 9
0 0.296023 0.328042 0.0645845 0.0514525 10
5 0.259716 0.132432 0.0624021 0.0562284 11
5 0.661513 0.366831 0.0151598 0.0260544 12
