4 0.306735 0.377719 0.0670109 0.0528144 1
4 0.265518 0.18422 0.0657032 0.0553506 2
4 0.0843486 0.946777 0.0488609 0.0634492 3
5 0.0840292 0.946169 0.0495262 0.0631135 4
5 0.690498 0.984866 0.0403118 0.0302689 5
5 0.304006 0.376443 0.0653662 0.0525957 6
5 0.251838 0.306628 0.0209565 0.0363898 7
0 0.302644 0.378373 0.0689491 0.0546051 8
4 0.514893 0.654416 0.0403043 0.105239 9
5 0.611448 0.372533 0.0118885 0.0217689 10
5 0.264309 0.185894 0.0645232 0.0556558 11
5 0.743846 0.774118 0.013291 0.0241562 12
5 0.661427 0.656035 0.0262264 0.0380752 13
5 0.729786 0.823888 0.0102444 0.017726 14
5 0.673403 0.484201 0.0177938 0.0325658 15
