4 0.307722 0.391076 0.065483 0.0518599 1
4 0.266123 0.197451 0.0668828 0.0542703 2
0 0.264767 0.199206 0.0662476 0.0541428 3
5 0.0875946 0.953869 0.0495386 0.0597968 4
5 0.696539 0.991324 0.0242069 0.0173527 5
5 0.305786 0.389994 0.0668855 0.051339 6
4 0.514762 0.667141 0.0412951 0.1137 7
5 0.265123 0.196917 0.0642379 0.0588293 8
4 0.0881238 0.953305 0.0494784 0.0608959 9
5 0.611313 0.38491 0.0121006 0.022308 10
5 0.496178 0.45523 0.0147744 0.0287742 11
5 0.695976 0.362839 0.0169966 0.0294961 12
5 0.673227 0.960102 0.0269655 0.0797965 13
5 0.584969 0.334305 0.0157838 0.0254837 14
5 0.501842 0.360252 0.0176455 0.0306081 15
5 0.526252 0.154038 0.0159836 0.0281522 16
5 0.52432 0.467252 0.0152765 0.0262542 17
