4 0.301855 0.354475 0.0673695 0.0512721 1
4 0.263894 0.162583 0.0624168 0.0481241 2
5 0.0776824 0.930179 0.0486593 0.0678349 3
0 0.29954 0.355007 0.0682601 0.0522424 4
4 0.0766776 0.932828 0.0460709 0.0639618 5
5 0.301097 0.353505 0.0655781 0.0500537 6
5 0.676406 0.470137 0.0162825 0.0289125 7
4 0.513252 0.631073 0.0359584 0.0854254 8
5 0.261647 0.162857 0.0631436 0.0495347 9
5 0.521112 0.11315 0.0168275 0.0308167 10
5 0.611477 0.35045 0.0120722 0.0216775 11
5 0.68833 0.956131 0.0579493 0.0508986 12
5 0.449342 0.247383 0.0164891 0.0297678 13
5 0.667652 0.644482 0.0219534 0.0550904 14
4 0.51172 0.620246 0.0421397 0.11278 15
