4 0.296455 0.311204 0.0651823 0.0496903 1
4 0.707023 0.890695 0.040803 0.0588182 2
4 0.509659 0.569243 0.0389221 0.100486 3
5 0.704489 0.891851 0.043616 0.062168 4
0 0.261801 0.116693 0.0622558 0.0648274 5
5 0.0700409 0.901892 0.0455279 0.0741521 6
5 0.295394 0.309966 0.0671196 0.0502521 7
5 0.261087 0.116425 0.0666627 0.0599202 8
4 0.0688334 0.902647 0.0466697 0.0736908 9
5 0.681425 0.446821 0.0163696 0.0320112 10
0 0.294072 0.311622 0.0688162 0.0498533 11
5 0.450704 0.208919 0.0167143 0.0294487 12
5 0.662021 0.356678 0.0156523 0.0266442 13
5 0.230998 0.223046 0.0163224 0.0311704 14
