0 0.29208 0.285003 0.0633768 0.051943 1
4 0.294266 0.284485 0.0607715 0.0514485 2
4 0.0647001 0.887191 0.0451277 0.0679506 3
5 0.0652342 0.8885 0.0466294 0.0739807 4
4 0.508589 0.542813 0.0365837 0.0894711 5
4 0.711979 0.84784 0.0426643 0.0549717 6
5 0.71018 0.850291 0.0435019 0.0601855 7
5 0.292764 0.283703 0.062805 0.0508592 8
5 0.711202 0.843689 0.0462152 0.0466068 9
5 0.519846 0.0327774 0.0172397 0.0343977 10
5 0.502757 0.199989 0.0122074 0.0223242 11
5 0.222148 0.179499 0.0182784 0.0284842 12
5 0.688507 0.629014 0.0216074 0.0429296 13
5 0.476216 0.357456 0.0122879 0.0245694 14
5 0.260092 0.0916967 0.0641588 0.0536042 15
