4 0.295499 0.294982 0.0641864 0.0545962 1
0 0.292353 0.296358 0.0661942 0.0547609 2
4 0.0670943 0.897039 0.0480154 0.0721863 3
4 0.508648 0.550495 0.0392475 0.103734 4
4 0.710901 0.867357 0.0430759 0.0544349 5
5 0.0667915 0.895045 0.0466832 0.0717417 6
5 0.708054 0.867775 0.0434977 0.0559911 7
5 0.709802 0.863634 0.0425436 0.0486854 8
5 0.259052 0.102891 0.0623165 0.0554889 9
5 0.293475 0.295895 0.0654366 0.0493418 10
5 0.519844 0.0454723 0.0171135 0.0307021 11
5 0.686475 0.634052 0.0204813 0.0456285 12
5 0.612025 0.298254 0.0124903 0.0237145 13
5 0.66346 0.346282 0.0161837 0.0288255 14
4 0.258277 0.107623 0.0565117 0.0464504 15
