0 0.265985 0.211966 0.0651848 0.0536359 1
4 0.309399 0.404371 0.0660113 0.0529416 2
4 0.0919945 0.96253 0.0525016 0.0587502 3
4 0.266745 0.212017 0.0652161 0.0502414 4
5 0.0914886 0.962105 0.0514834 0.0593648 5
5 0.307846 0.403834 0.0668077 0.0512024 6
4 0.515745 0.687761 0.0418793 0.112399 7
5 0.671831 0.969655 0.0247556 0.0576742 8
5 0.265209 0.209926 0.0655908 0.0527589 9
4 0.671275 0.969077 0.0254911 0.0618469 10
5 0.584001 0.34818 0.0160145 0.0250288 11
5 0.696079 0.375284 0.0174913 0.0296075 12
5 0.666022 0.5004 0.0187353 0.0300344 13
