4 0.303406 0.364046 0.0666938 0.0525202 1
0 0.299924 0.364363 0.0693709 0.0540003 2
4 0.0804933 0.939519 0.0501417 0.0629347 3
5 0.0797092 0.93766 0.0497639 0.0667094 4
5 0.301832 0.363472 0.0664904 0.0493185 5
0 0.264706 0.17361 0.0629231 0.0520742 6
4 0.264172 0.171332 0.0657742 0.0542863 7
5 0.448487 0.257905 0.0179108 0.0286986 8
5 0.662231 0.64641 0.0290311 0.051273 9
5 0.262362 0.17279 0.0631449 0.0486436 10
5 0.248952 0.291273 0.0198665 0.0318765 11
4 0.51324 0.638529 0.0365209 0.0990255 12
5 0.611495 0.360636 0.0116286 0.0218116 13
