0 0.309459 0.429123 0.0655708 0.0575938 1
4 0.312323 0.427397 0.0658443 0.0578232 2
5 0.0983139 0.975276 0.0528988 0.0494489 3
4 0.0978024 0.975986 0.0517484 0.048027 4
5 0.674573 0.985799 0.0217588 0.028402 5
5 0.311249 0.427851 0.0671784 0.0556468 6
5 0.267391 0.235778 0.0686679 0.0491655 7
4 0.26977 0.237595 0.0674418 0.047138 8
5 0.738994 0.770347 0.0121663 0.0190542 9
5 0.767014 0.763147 0.0126368 0.0227689 10
4 0.516208 0.71521 0.0412233 0.10866 11
5 0.779226 0.967322 0.0107835 0.0184926 12
5 0.447999 0.318129 0.0184641 0.0315342 13
