4 0.272178 0.280755 0.065719 0.0557903 1
5 0.115575 0.985516 0.0348617 0.0289677 2
4 0.31843 0.468949 0.0657497 0.0611968 3
5 0.270357 0.278715 0.0664183 0.0519729 4
5 0.316454 0.469868 0.0690032 0.0568737 5
5 0.695562 0.435857 0.0170422 0.0290151 6
5 0.654997 0.537774 0.0136897 0.0237507 7
5 0.464679 0.00742184 0.0135748 0.0148437 8
5 0.44839 0.355899 0.0189302 0.0260963 9
4 0.521011 0.766441 0.0409923 0.112199 10
5 0.610837 0.457197 0.0112862 0.021235 11
5 0.507993 0.437467 0.0144619 0.023781 12
