0 0.316688 0.484787 0.0674886 0.0583616 1
4 0.320746 0.483189 0.0646814 0.0614766 2
4 0.2729 0.296021 0.0661179 0.0597922 3
4 0.522987 0.786789 0.0402426 0.106151 4
5 0.31853 0.483822 0.0668098 0.0562611 5
5 0.121107 0.991134 0.0287449 0.0177318 6
5 0.652293 0.547075 0.0130381 0.0244333 7
5 0.465996 0.0206434 0.0149536 0.0299864 8
5 0.610696 0.470345 0.0118167 0.0217843 9
5 0.450098 0.368288 0.018506 0.0270167 10
5 0.270985 0.293922 0.0653618 0.0600975 11
5 0.5376 0.48936 0.0130919 0.0224703 12
