4 0.522987 0.797402 0.0418087 0.106868 1
4 0.321689 0.496006 0.0641297 0.0589222 2
4 0.276286 0.307573 0.0679816 0.0604281 3
5 0.320345 0.495737 0.0676148 0.0568471 4
5 0.467623 0.0321028 0.015103 0.0336532 5
5 0.610485 0.480857 0.0111993 0.0215015 6
5 0.774601 0.831283 0.0167234 0.0269565 7
0 0.319396 0.497446 0.0653385 0.0553058 8
5 0.60343 0.433354 0.0130176 0.0225309 9
5 0.695301 0.459444 0.0170433 0.0287618 10
5 0.53855 0.499707 0.0127077 0.0241445 11
5 0.332864 0.248523 0.023494 0.0318304 12
