4 0.0954762 0.972252 0.0515923 0.0527818 1
5 0.0942775 0.971559 0.0531982 0.0568811 2
4 0.311461 0.41683 0.0649444 0.056363 3
4 0.268973 0.22524 0.0680124 0.0489093 4
5 0.671987 0.981054 0.0228567 0.0378913 5
0 0.306637 0.418525 0.0689521 0.0561922 6
5 0.310312 0.417444 0.0680182 0.052123 7
5 0.266921 0.222975 0.0675466 0.0522279 8
4 0.517088 0.702751 0.0459711 0.115105 9
0 0.266701 0.225274 0.0691079 0.0508621 10
5 0.69604 0.388047 0.0178003 0.0318961 11
5 0.526384 0.498549 0.0120317 0.0221568 12
5 0.447903 0.308261 0.0174761 0.0303498 13
