4 0.273452 0.322031 0.0632019 0.0622051 1
4 0.326028 0.511744 0.0680456 0.0587423 2
4 0.522847 0.815273 0.0370806 0.106665 3
5 0.779773 0.844998 0.0136976 0.0248793 4
5 0.610037 0.493205 0.0111991 0.0195412 5
5 0.116409 0.98725 0.0181278 0.0255005 6
4 0.525932 0.831267 0.0336063 0.0805864 7
5 0.322474 0.510264 0.0656455 0.0572123 8
5 0.503947 0.566668 0.013435 0.0277156 9
5 0.272652 0.317136 0.0630244 0.0543072 10
5 0.570347 0.401556 0.0149582 0.0228302 11
5 0.75438 0.840091 0.0104424 0.0198226 12
5 0.468605 0.0495969 0.0135239 0.0337956 13
