4 0.295812 0.479355 0.0537001 0.0520199 1
4 0.301203 0.480054 0.0682235 0.0571835 2
4 0.532744 0.971144 0.0297878 0.0577124 3
5 0.531558 0.971908 0.029381 0.0561838 4
4 0.343485 0.661851 0.0603568 0.0497718 5
8 0.301704 0.479579 0.0545568 0.0527045 6
5 0.34401 0.659618 0.063134 0.0508374 7
5 0.205139 0.487514 0.0198913 0.0297011 8
5 0.631068 0.830636 0.0163692 0.0285333 9
5 0.647328 0.694835 0.0118961 0.023155 10
5 0.525624 0.410652 0.0156066 0.0305704 11
5 0.45036 0.520885 0.0172876 0.0264636 12
5 0.514318 0.52428 0.0166531 0.0349424 13
5 0.298887 0.478885 0.0672468 0.0549434 14
5 0.761356 0.98308 0.0132122 0.0255683 15
