4 0.530112 0.885156 0.0436778 0.111336 1
4 0.283349 0.380505 0.0678762 0.0649958 2
4 0.333647 0.567779 0.0639658 0.0589827 3
4 0.529899 0.891357 0.0372391 0.0934923 4
5 0.47681 0.113657 0.015776 0.032219 5
5 0.331818 0.566741 0.0648087 0.0550762 6
5 0.513553 0.439708 0.0155878 0.0348938 7
5 0.450772 0.434841 0.0182409 0.0307839 8
5 0.187165 0.393295 0.02178 0.0278556 9
5 0.527486 0.324327 0.0145308 0.0319712 10
8 0.278827 0.374231 0.0590586 0.048331 11
5 0.509621 0.621358 0.0130554 0.0259819 12
