4 0.346987 0.675506 0.0620949 0.0536005 1
4 0.304417 0.49375 0.0641043 0.0583643 2
5 0.532958 0.980607 0.0248674 0.0387851 3
0 0.346059 0.676891 0.0623313 0.0500613 4
5 0.63068 0.837551 0.0178622 0.024097 5
5 0.487472 0.235847 0.0156782 0.0234368 6
5 0.302894 0.494631 0.0685451 0.0521591 7
5 0.34633 0.675067 0.0658454 0.0486859 8
4 0.533274 0.980853 0.0248169 0.0382937 9
5 0.514225 0.536209 0.0174097 0.0341736 10
5 0.647022 0.706945 0.0122561 0.0232085 11
5 0.208584 0.498616 0.0205977 0.0319224 12
