0 0.346048 0.687896 0.0664635 0.0507222 1
4 0.349532 0.687101 0.0645465 0.0525852 2
4 0.307955 0.505383 0.0649788 0.0558585 3
5 0.532611 0.986629 0.0207975 0.0267422 4
5 0.630826 0.843619 0.0176484 0.0255266 5
5 0.514617 0.545502 0.0180767 0.0335931 6
5 0.488351 0.248938 0.01556 0.0234169 7
5 0.397492 0.543904 0.0191318 0.0349501 8
5 0.304588 0.502989 0.0665225 0.0540976 9
5 0.345664 0.446606 0.0165283 0.0272527 10
5 0.347463 0.687675 0.0641687 0.0521623 11
5 0.552307 0.788572 0.0151652 0.0243378 12
5 0.559444 0.5584 0.0137714 0.0237652 13
