1,-1,1001.75,597.55,110.56,62.95,0.85,-1,-1,-1
1,-1,949.79,899.72,175.84,96.16,0.72,-1,-1,-1
1,-1,1138.86,321.20,73.03,88.81,0.62,-1,-1,-1
1,-1,1172.98,362.79,36.53,47.69,0.46,-1,-1,-1
1,-1,1611.83,345.92,11.80,11.63,0.42,-1,-1,-1
1,-1,1.86,614.11,795.65,817.22,0.15,-1,-1,-1
1,-1,1066.65,628.12,47.09,34.98,0.09,-1,-1,-1
1,-1,1139.08,321.22,72.42,88.57,0.07,-1,-1,-1
1,-1,1731.41,385.78,22.75,18.17,0.07,-1,-1,-1
1,-1,1171.50,381.61,26.94,28.06,0.06,-1,-1,-1
1,-1,3.00,554.68,795.69,843.35,0.06,-1,-1,-1
1,-1,1069.38,645.80,44.95,18.57,0.05,-1,-1,-1
1,-1,23.71,489.32,820.75,850.15,0.05,-1,-1,-1
2,-1,1325.29,615.22,54.71,80.81,0.80,-1,-1,-1
2,-1,1195.82,885.41,110.41,57.36,0.69,-1,-1,-1
2,-1,1194.64,914.11,33.02,19.81,0.55,-1,-1,-1
2,-1,1347.96,663.95,34.23,33.57,0.42,-1,-1,-1
2,-1,1785.02,627.13,12.55,13.29,0.37,-1,-1,-1
2,-1,1289.22,878.27,23.71,66.29,0.36,-1,-1,-1
2,-1,1196.13,913.18,111.33,31.76,0.23,-1,-1,-1
2,-1,1114.22,1187.85,214.48,117.74,0.22,-1,-1,-1
2,-1,1348.25,679.24,24.84,17.24,0.20,-1,-1,-1
2,-1,1113.84,1186.47,214.11,120.50,0.16,-1,-1,-1
2,-1,1325.12,615.24,55.30,80.03,0.14,-1,-1,-1
2,-1,1204.76,898.93,55.56,37.38,0.08,-1,-1,-1
2,-1,1366.44,1.26,818.89,809.62,0.05,-1,-1,-1
2,-1,343.19,392.94,821.25,846.30,0.05,-1,-1,-1
3,-1,1537.47,1025.15,64.38,88.35,0.86,-1,-1,-1
3,-1,2019.04,1043.83,14.33,12.22,0.17,-1,-1,-1
3,-1,1554.70,1067.23,36.79,48.45,0.14,-1,-1,-1
3,-1,595.46,2.76,796.88,801.05,0.11,-1,-1,-1
3,-1,595.43,2.84,780.66,774.41,0.09,-1,-1,-1
3,-1,1554.90,1102.35,28.35,12.63,0.08,-1,-1,-1
3,-1,403.93,133.99,824.20,850.07,0.06,-1,-1,-1
3,-1,371.63,169.19,825.22,844.29,0.05,-1,-1,-1
4,-1,2083.58,143.82,102.60,63.67,0.92,-1,-1,-1
4,-1,1492.48,832.36,69.23,47.01,0.63,-1,-1,-1
4,-1,1596.08,528.47,41.31,82.05,0.49,-1,-1,-1
4,-1,1492.90,832.13,69.05,47.18,0.39,-1,-1,-1
4,-1,277.83,3.87,823.07,822.84,0.33,-1,-1,-1
4,-1,22.23,609.65,825.79,821.75,0.24,-1,-1,-1
4,-1,1697.89,961.01,27.44,10.32,0.20,-1,-1,-1
4,-1,1697.83,961.04,27.78,10.01,0.19,-1,-1,-1
4,-1,1802.60,437.43,15.41,24.05,0.16,-1,-1,-1
4,-1,1592.35,596.12,22.94,16.08,0.16,-1,-1,-1
4,-1,1593.90,564.30,21.95,47.84,0.15,-1,-1,-1
4,-1,213.51,0.51,826.58,807.12,0.14,-1,-1,-1
4,-1,1494.10,629.07,823.38,804.56,0.13,-1,-1,-1
4,-1,1802.74,437.97,15.17,24.11,0.12,-1,-1,-1
4,-1,1596.69,528.74,39.69,78.09,0.11,-1,-1,-1
4,-1,436.78,608.68,823.24,822.75,0.10,-1,-1,-1
4,-1,87.33,233.97,820.52,843.98,0.09,-1,-1,-1
4,-1,1461.41,610.08,823.76,822.43,0.09,-1,-1,-1
4,-1,1428.64,629.15,827.58,804.42,0.08,-1,-1,-1
4,-1,21.04,582.54,826.75,849.29,0.07,-1,-1,-1
4,-1,1524.63,583.39,824.11,849.66,0.07,-1,-1,-1
4,-1,1593.81,584.52,51.83,27.61,0.07,-1,-1,-1
4,-1,403.45,549.42,827.97,848.14,0.07,-1,-1,-1
4,-1,117.46,612.51,822.55,817.47,0.06,-1,-1,-1
5,-1,2103.06,150.13,103.78,62.91,0.80,-1,-1,-1
5,-1,1456.66,827.10,74.57,41.38,0.72,-1,-1,-1
5,-1,308.48,1.48,822.32,802.01,0.24,-1,-1,-1
5,-1,2104.35,149.24,100.33,64.25,0.21,-1,-1,-1
5,-1,1302.64,625.35,823.36,809.15,0.19,-1,-1,-1
5,-1,531.77,611.23,823.66,820.00,0.13,-1,-1,-1
5,-1,1369.41,1.26,827.23,828.33,0.10,-1,-1,-1
5,-1,2.59,612.84,794.97,818.77,0.10,-1,-1,-1
5,-1,881.69,0.15,823.27,803.11,0.09,-1,-1,-1
5,-1,563.71,583.42,826.06,846.36,0.09,-1,-1,-1
5,-1,1537.77,534.21,37.88,86.31,0.09,-1,-1,-1
5,-1,243.63,12.49,822.80,842.06,0.08,-1,-1,-1
5,-1,1484.87,422.55,123.96,198.25,0.08,-1,-1,-1
5,-1,1397.34,581.56,824.99,849.75,0.08,-1,-1,-1
5,-1,1459.62,855.32,71.67,14.74,0.07,-1,-1,-1
5,-1,1553.26,721.14,180.32,176.74,0.06,-1,-1,-1
5,-1,4.46,267.51,793.84,840.66,0.06,-1,-1,-1
5,-1,1398.13,609.38,822.95,822.37,0.06,-1,-1,-1
5,-1,213.27,611.02,821.82,818.30,0.06,-1,-1,-1
5,-1,245.29,522.46,821.49,842.29,0.06,-1,-1,-1
5,-1,4.86,235.68,794.07,841.16,0.05,-1,-1,-1
5,-1,1365.44,263.19,824.36,848.90,0.05,-1,-1,-1
5,-1,1717.84,389.27,821.55,851.89,0.05,-1,-1,-1
6,-1,2115.04,157.16,116.39,58.86,0.48,-1,-1,-1
6,-1,2115.19,157.13,115.79,58.86,0.47,-1,-1,-1
6,-1,7.18,613.09,813.55,816.26,0.37,-1,-1,-1
6,-1,1401.40,827.80,70.15,60.21,0.34,-1,-1,-1
6,-1,1045.42,628.35,822.63,807.58,0.22,-1,-1,-1
6,-1,1489.65,578.20,79.89,94.31,0.22,-1,-1,-1
6,-1,403.05,979.82,111.74,87.35,0.20,-1,-1,-1
6,-1,7.58,555.47,814.22,842.25,0.18,-1,-1,-1
6,-1,341.36,613.13,817.41,816.32,0.16,-1,-1,-1
6,-1,311.33,3.09,818.93,800.21,0.14,-1,-1,-1
6,-1,213.54,5.15,823.47,824.71,0.12,-1,-1,-1
6,-1,1489.41,579.11,79.55,92.11,0.11,-1,-1,-1
6,-1,2380.27,46.23,20.52,17.83,0.10,-1,-1,-1
6,-1,9.61,170.10,811.10,845.65,0.10,-1,-1,-1
6,-1,309.62,612.45,819.43,816.75,0.10,-1,-1,-1
6,-1,277.32,76.64,819.33,837.05,0.10,-1,-1,-1
6,-1,1493.47,627.86,42.67,38.50,0.08,-1,-1,-1
6,-1,245.36,300.06,818.25,842.03,0.07,-1,-1,-1
6,-1,1078.72,461.84,820.59,841.47,0.06,-1,-1,-1
6,-1,1486.88,578.40,81.92,92.27,0.05,-1,-1,-1
7,-1,2120.49,168.68,116.68,51.49,0.86,-1,-1,-1
7,-1,1497.65,632.52,61.89,47.97,0.77,-1,-1,-1
7,-1,1388.84,841.79,48.75,56.36,0.64,-1,-1,-1
7,-1,2119.79,169.26,116.38,51.01,0.42,-1,-1,-1
7,-1,371.38,613.32,818.31,815.92,0.30,-1,-1,-1
7,-1,982.95,610.19,819.66,821.39,0.22,-1,-1,-1
7,-1,7.11,615.69,812.83,813.84,0.22,-1,-1,-1
7,-1,8.17,396.28,812.54,841.66,0.21,-1,-1,-1
7,-1,593.78,1243.31,61.00,44.23,0.18,-1,-1,-1
7,-1,181.84,588.46,821.99,838.71,0.15,-1,-1,-1
7,-1,1388.04,841.36,49.74,56.66,0.14,-1,-1,-1
7,-1,47.02,1107.71,35.96,30.81,0.13,-1,-1,-1
7,-1,204.07,1037.18,48.79,47.14,0.11,-1,-1,-1
7,-1,1497.58,632.27,62.68,48.41,0.11,-1,-1,-1
7,-1,10.78,44.46,808.83,840.20,0.10,-1,-1,-1
7,-1,10.99,5.86,811.69,823.62,0.10,-1,-1,-1
7,-1,1500.01,678.87,33.69,38.77,0.08,-1,-1,-1
7,-1,950.63,490.99,820.02,849.90,0.08,-1,-1,-1
7,-1,213.51,202.79,821.72,845.16,0.07,-1,-1,-1
7,-1,486.43,726.81,56.85,41.01,0.06,-1,-1,-1
7,-1,119.57,-0.71,822.27,807.86,0.06,-1,-1,-1
8,-1,2130.02,167.73,116.60,54.18,0.85,-1,-1,-1
8,-1,1381.94,836.44,53.92,42.54,0.71,-1,-1,-1
8,-1,6.58,634.95,814.41,796.99,0.50,-1,-1,-1
8,-1,247.46,614.81,777.56,814.00,0.47,-1,-1,-1
8,-1,2131.42,168.50,114.49,53.84,0.44,-1,-1,-1
8,-1,1511.49,639.20,56.03,51.66,0.42,-1,-1,-1
8,-1,413.99,1185.08,64.82,75.82,0.21,-1,-1,-1
8,-1,118.08,586.89,823.32,841.89,0.16,-1,-1,-1
8,-1,1510.66,638.57,57.27,51.97,0.14,-1,-1,-1
8,-1,1525.26,627.13,822.27,807.93,0.14,-1,-1,-1
8,-1,148.71,268.17,800.15,837.92,0.13,-1,-1,-1
8,-1,7.72,334.96,810.35,839.86,0.12,-1,-1,-1
8,-1,1531.62,645.81,14.52,16.76,0.12,-1,-1,-1
8,-1,1174.29,628.16,822.01,804.99,0.11,-1,-1,-1
8,-1,4.43,12.46,793.88,842.17,0.08,-1,-1,-1
8,-1,1379.51,837.06,58.43,42.01,0.08,-1,-1,-1
8,-1,1174.18,452.89,823.28,850.06,0.07,-1,-1,-1
8,-1,1528.84,644.62,21.01,19.12,0.07,-1,-1,-1
8,-1,344.46,1211.19,51.56,44.75,0.06,-1,-1,-1
8,-1,1535.15,671.87,26.58,20.42,0.06,-1,-1,-1
8,-1,4.62,3.31,794.48,802.36,0.06,-1,-1,-1
9,-1,1518.58,652.24,49.61,41.95,0.80,-1,-1,-1
9,-1,1387.06,825.38,71.44,60.80,0.76,-1,-1,-1
9,-1,1547.85,664.41,38.64,33.54,0.58,-1,-1,-1
9,-1,2141.37,178.73,117.67,50.13,0.49,-1,-1,-1
9,-1,2141.34,178.63,118.11,50.18,0.46,-1,-1,-1
9,-1,2144.32,180.17,115.66,48.47,0.27,-1,-1,-1
9,-1,1.98,143.47,789.83,837.32,0.18,-1,-1,-1
9,-1,1.70,236.40,790.55,841.04,0.18,-1,-1,-1
9,-1,4.92,2.49,791.66,806.52,0.14,-1,-1,-1
9,-1,3.60,15.28,792.14,839.20,0.11,-1,-1,-1
9,-1,1548.69,664.27,37.96,34.11,0.08,-1,-1,-1
9,-1,630.32,-0.52,819.51,811.22,0.07,-1,-1,-1
9,-1,1396.97,869.11,63.56,15.81,0.07,-1,-1,-1
9,-1,597.14,608.29,824.90,825.43,0.07,-1,-1,-1
9,-1,211.19,-0.81,819.28,807.10,0.07,-1,-1,-1
9,-1,5.83,612.19,810.80,819.91,0.06,-1,-1,-1
9,-1,1518.03,652.40,51.40,38.44,0.05,-1,-1,-1
10,-1,1518.49,667.77,48.53,39.53,0.85,-1,-1,-1
10,-1,2179.63,187.24,117.83,50.07,0.68,-1,-1,-1
10,-1,1377.95,850.19,51.30,62.13,0.40,-1,-1,-1
10,-1,2180.57,187.28,113.35,51.86,0.29,-1,-1,-1
10,-1,6.13,7.78,768.68,819.27,0.27,-1,-1,-1
10,-1,1377.15,850.07,53.71,62.74,0.22,-1,-1,-1
10,-1,1377.48,850.34,52.39,62.73,0.19,-1,-1,-1
10,-1,146.11,-1.61,827.66,809.78,0.08,-1,-1,-1
10,-1,500.38,9.81,824.48,846.54,0.07,-1,-1,-1
10,-1,470.09,1.76,823.79,802.20,0.07,-1,-1,-1
11,-1,2218.86,186.85,117.49,58.28,0.75,-1,-1,-1
11,-1,1391.26,860.94,39.63,50.04,0.57,-1,-1,-1
11,-1,1519.32,680.95,39.60,38.15,0.40,-1,-1,-1
11,-1,1519.40,680.94,39.64,38.45,0.38,-1,-1,-1
11,-1,177.35,632.75,765.06,803.16,0.29,-1,-1,-1
11,-1,2218.99,186.54,117.53,58.62,0.21,-1,-1,-1
11,-1,1391.17,860.93,39.81,50.41,0.20,-1,-1,-1
11,-1,163.28,611.00,810.58,822.64,0.13,-1,-1,-1
11,-1,280.72,74.06,823.67,844.94,0.12,-1,-1,-1
11,-1,248.18,391.92,820.31,844.93,0.11,-1,-1,-1
11,-1,51.14,-1.58,825.63,815.59,0.07,-1,-1,-1
11,-1,1391.14,861.28,40.07,51.10,0.07,-1,-1,-1
11,-1,1.90,1.24,797.55,808.70,0.06,-1,-1,-1
11,-1,724.61,608.43,823.18,824.43,0.05,-1,-1,-1
12,-1,1386.09,874.50,52.74,54.90,0.70,-1,-1,-1
12,-1,2257.52,200.88,120.38,52.15,0.55,-1,-1,-1
12,-1,1507.83,691.54,51.06,45.18,0.54,-1,-1,-1
12,-1,405.30,3.91,820.17,793.77,0.51,-1,-1,-1
12,-1,2258.36,201.21,122.33,52.19,0.39,-1,-1,-1
12,-1,2.49,-0.91,795.88,811.51,0.24,-1,-1,-1
12,-1,1508.04,691.16,50.78,46.39,0.23,-1,-1,-1
12,-1,24.59,609.78,819.71,821.66,0.14,-1,-1,-1
12,-1,14.17,611.15,784.02,818.22,0.11,-1,-1,-1
12,-1,564.17,611.97,821.77,820.11,0.09,-1,-1,-1
12,-1,1385.83,874.12,53.58,55.41,0.09,-1,-1,-1
12,-1,184.84,2.34,825.91,805.17,0.09,-1,-1,-1
12,-1,152.76,362.14,819.87,842.61,0.09,-1,-1,-1
12,-1,1386.20,874.70,52.73,54.58,0.08,-1,-1,-1
12,-1,1074.77,625.52,826.33,809.82,0.08,-1,-1,-1
12,-1,918.38,606.27,822.55,824.38,0.06,-1,-1,-1
12,-1,597.84,228.43,819.22,851.90,0.06,-1,-1,-1
12,-1,532.32,168.05,825.64,847.50,0.06,-1,-1,-1
12,-1,1508.05,692.06,50.55,45.55,0.05,-1,-1,-1
12,-1,595.83,2.49,818.05,799.30,0.05,-1,-1,-1
13,-1,1509.59,693.38,66.49,55.97,0.85,-1,-1,-1
13,-1,2292.54,182.53,123.18,68.51,0.82,-1,-1,-1
13,-1,1389.92,900.46,61.93,44.36,0.44,-1,-1,-1
13,-1,1390.47,900.42,61.33,44.42,0.39,-1,-1,-1
13,-1,437.78,3.27,820.37,801.34,0.23,-1,-1,-1
13,-1,3.08,613.00,792.13,812.52,0.21,-1,-1,-1
13,-1,158.78,3.49,817.73,822.43,0.18,-1,-1,-1
13,-1,1462.28,627.56,821.16,806.87,0.18,-1,-1,-1
13,-1,601.34,1056.59,164.27,104.51,0.13,-1,-1,-1
13,-1,4.32,525.97,793.75,836.48,0.13,-1,-1,-1
13,-1,217.66,1.54,820.54,802.76,0.13,-1,-1,-1
13,-1,1591.68,798.02,23.17,18.37,0.09,-1,-1,-1
13,-1,4.06,587.12,791.82,827.46,0.09,-1,-1,-1
13,-1,2292.34,182.47,123.40,68.03,0.08,-1,-1,-1
13,-1,1367.01,629.52,823.00,803.99,0.08,-1,-1,-1
13,-1,25.62,137.75,820.72,843.92,0.07,-1,-1,-1
13,-1,468.39,72.89,823.98,846.47,0.07,-1,-1,-1
13,-1,626.70,2.20,821.73,805.16,0.06,-1,-1,-1
13,-1,1404.98,929.82,48.18,15.52,0.06,-1,-1,-1
13,-1,1.47,1.82,397.15,713.95,0.05,-1,-1,-1
14,-1,1427.07,909.95,53.32,71.71,0.67,-1,-1,-1
14,-1,2270.35,181.89,121.79,48.95,0.55,-1,-1,-1
14,-1,1540.57,714.75,39.68,44.12,0.51,-1,-1,-1
14,-1,1.18,615.00,791.34,809.21,0.41,-1,-1,-1
14,-1,2273.38,182.57,116.30,48.58,0.36,-1,-1,-1
14,-1,2272.81,181.95,120.10,49.19,0.26,-1,-1,-1
14,-1,1542.31,712.81,49.78,24.26,0.21,-1,-1,-1
14,-1,1540.35,718.57,29.74,41.74,0.19,-1,-1,-1
14,-1,1540.13,713.25,52.17,45.01,0.16,-1,-1,-1
14,-1,1440.84,960.75,43.38,21.47,0.15,-1,-1,-1
14,-1,1541.44,731.07,26.55,29.32,0.13,-1,-1,-1
14,-1,6.68,492.21,813.47,841.53,0.13,-1,-1,-1
14,-1,25.17,8.69,820.76,848.10,0.11,-1,-1,-1
14,-1,56.95,1.08,822.39,804.23,0.09,-1,-1,-1
14,-1,501.90,204.76,822.95,842.48,0.07,-1,-1,-1
14,-1,1425.56,953.86,58.41,28.16,0.07,-1,-1,-1
14,-1,439.64,4.01,816.61,800.71,0.07,-1,-1,-1
14,-1,278.72,392.94,817.99,844.55,0.07,-1,-1,-1
14,-1,1425.58,910.38,57.53,71.20,0.06,-1,-1,-1
14,-1,626.50,1.56,822.01,808.42,0.06,-1,-1,-1
14,-1,8.81,203.05,809.24,841.74,0.05,-1,-1,-1
15,-1,1555.82,712.76,57.00,48.62,0.83,-1,-1,-1
15,-1,1436.14,921.41,69.34,70.33,0.76,-1,-1,-1
15,-1,2270.17,168.94,116.30,59.03,0.51,-1,-1,-1
15,-1,1.84,587.40,793.61,826.45,0.37,-1,-1,-1
15,-1,28.16,1.84,819.80,799.73,0.30,-1,-1,-1
15,-1,290.84,566.54,37.55,64.44,0.21,-1,-1,-1
15,-1,2.19,368.51,794.67,834.88,0.19,-1,-1,-1
15,-1,2270.03,168.77,116.65,59.50,0.18,-1,-1,-1
15,-1,1436.41,920.75,69.09,71.70,0.16,-1,-1,-1
15,-1,25.19,10.86,819.22,844.44,0.14,-1,-1,-1
15,-1,341.06,608.85,822.47,822.55,0.13,-1,-1,-1
15,-1,2269.99,168.91,117.10,59.55,0.10,-1,-1,-1
15,-1,3.67,6.74,793.67,819.18,0.08,-1,-1,-1
15,-1,404.96,4.75,823.21,822.00,0.08,-1,-1,-1
15,-1,1586.33,691.76,52.97,71.72,0.08,-1,-1,-1
15,-1,149.38,556.01,821.92,838.59,0.08,-1,-1,-1
15,-1,405.03,234.93,819.93,843.38,0.07,-1,-1,-1
15,-1,1620.83,552.86,824.27,848.27,0.06,-1,-1,-1
15,-1,374.10,394.11,821.22,843.66,0.06,-1,-1,-1
15,-1,628.88,76.42,822.24,840.08,0.06,-1,-1,-1
15,-1,186.30,1222.58,41.29,36.86,0.05,-1,-1,-1
15,-1,1592.21,610.11,821.09,821.89,0.05,-1,-1,-1
15,-1,596.44,171.76,823.13,841.77,0.05,-1,-1,-1
16,-1,1451.40,927.51,69.46,60.83,0.89,-1,-1,-1
16,-1,2257.62,169.33,116.62,52.93,0.50,-1,-1,-1
16,-1,1553.13,691.95,46.18,47.06,0.47,-1,-1,-1
16,-1,2258.85,169.82,113.04,51.96,0.36,-1,-1,-1
16,-1,2260.47,169.42,114.62,52.49,0.33,-1,-1,-1
16,-1,754.93,1.64,811.54,772.60,0.18,-1,-1,-1
16,-1,183.49,628.33,825.02,808.30,0.16,-1,-1,-1
16,-1,1553.30,691.93,45.72,47.31,0.15,-1,-1,-1
16,-1,342.90,298.21,821.57,843.66,0.13,-1,-1,-1
16,-1,437.32,4.05,823.96,825.44,0.12,-1,-1,-1
16,-1,1493.54,630.67,823.82,803.71,0.07,-1,-1,-1
16,-1,1523.73,512.77,825.46,859.33,0.06,-1,-1,-1
16,-1,1558.27,610.40,821.08,822.24,0.06,-1,-1,-1
16,-1,2.15,168.79,801.97,847.52,0.06,-1,-1,-1
16,-1,1552.58,692.68,46.37,47.21,0.06,-1,-1,-1
16,-1,341.70,362.03,823.58,843.31,0.06,-1,-1,-1
16,-1,439.06,2.48,820.80,801.67,0.05,-1,-1,-1
16,-1,1.33,0.78,772.21,717.28,0.05,-1,-1,-1
16,-1,596.48,203.67,823.53,841.43,0.05,-1,-1,-1
16,-1,52.32,0.70,824.90,828.39,0.05,-1,-1,-1
17,-1,1528.90,691.34,40.76,50.68,0.71,-1,-1,-1
17,-1,1433.82,921.43,70.07,60.46,0.39,-1,-1,-1
17,-1,2263.09,179.57,119.00,50.46,0.39,-1,-1,-1
17,-1,2262.83,178.65,116.07,51.34,0.36,-1,-1,-1
17,-1,1434.99,921.58,68.76,60.11,0.31,-1,-1,-1
17,-1,2.58,628.73,795.83,808.88,0.21,-1,-1,-1
17,-1,1.69,53.30,801.48,837.79,0.13,-1,-1,-1
17,-1,8.69,45.79,809.65,845.60,0.12,-1,-1,-1
17,-1,246.42,171.09,820.60,838.32,0.11,-1,-1,-1
17,-1,1528.49,691.17,40.98,50.58,0.11,-1,-1,-1
17,-1,1860.60,933.50,66.05,22.30,0.09,-1,-1,-1
17,-1,2021.16,860.83,15.42,14.50,0.08,-1,-1,-1
17,-1,213.69,104.47,823.52,847.25,0.08,-1,-1,-1
17,-1,694.50,1.36,820.53,801.80,0.07,-1,-1,-1
17,-1,501.86,9.65,820.64,845.84,0.07,-1,-1,-1
17,-1,198.26,233.75,806.40,842.72,0.07,-1,-1,-1
17,-1,23.41,610.10,821.52,826.27,0.06,-1,-1,-1
17,-1,0.87,75.44,783.94,846.22,0.06,-1,-1,-1
17,-1,1475.88,970.37,28.11,10.71,0.05,-1,-1,-1
18,-1,1423.68,926.00,74.32,71.14,0.83,-1,-1,-1
18,-1,2291.74,185.68,92.55,45.11,0.75,-1,-1,-1
18,-1,129.82,234.81,782.62,842.96,0.38,-1,-1,-1
18,-1,595.96,0.05,817.25,798.72,0.27,-1,-1,-1
18,-1,1497.18,696.96,32.84,49.62,0.23,-1,-1,-1
18,-1,2291.73,184.67,92.24,45.81,0.18,-1,-1,-1
18,-1,124.17,268.13,817.34,841.74,0.18,-1,-1,-1
18,-1,1497.24,696.75,32.70,48.89,0.17,-1,-1,-1
18,-1,274.58,-0.15,825.24,800.70,0.16,-1,-1,-1
18,-1,109.70,299.74,800.42,838.67,0.16,-1,-1,-1
18,-1,2.70,587.92,795.26,841.79,0.15,-1,-1,-1
18,-1,1497.47,696.62,32.48,49.36,0.12,-1,-1,-1
18,-1,180.92,10.37,821.48,841.92,0.09,-1,-1,-1
18,-1,1.85,12.28,499.39,812.19,0.09,-1,-1,-1
18,-1,1423.94,926.24,73.89,70.44,0.08,-1,-1,-1
18,-1,1497.27,696.52,32.67,49.32,0.08,-1,-1,-1
18,-1,1424.01,925.76,73.72,71.22,0.07,-1,-1,-1
18,-1,8.17,298.25,813.97,844.62,0.07,-1,-1,-1
18,-1,1497.57,698.51,32.03,47.52,0.06,-1,-1,-1
18,-1,1.51,-1.88,512.86,779.01,0.06,-1,-1,-1
19,-1,1396.84,933.02,68.14,55.15,0.78,-1,-1,-1
19,-1,2351.77,200.28,73.78,48.47,0.66,-1,-1,-1
19,-1,1441.54,694.29,29.46,49.95,0.61,-1,-1,-1
19,-1,50.34,8.70,824.14,752.72,0.27,-1,-1,-1
19,-1,51.84,0.97,821.71,785.07,0.27,-1,-1,-1
19,-1,5.09,14.01,792.74,837.85,0.23,-1,-1,-1
19,-1,19.75,32.27,825.07,866.57,0.15,-1,-1,-1
19,-1,1441.53,694.53,29.73,49.88,0.13,-1,-1,-1
19,-1,2351.95,199.88,73.77,48.64,0.11,-1,-1,-1
19,-1,2351.46,200.26,74.09,49.13,0.10,-1,-1,-1
19,-1,722.40,328.75,827.82,847.67,0.07,-1,-1,-1
19,-1,1396.91,932.93,67.77,55.26,0.05,-1,-1,-1
19,-1,757.54,0.73,818.69,809.51,0.05,-1,-1,-1
20,-1,1443.02,958.43,36.03,44.19,0.78,-1,-1,-1
20,-1,2104.12,623.97,57.39,60.33,0.65,-1,-1,-1
20,-1,2395.81,465.25,37.44,33.99,0.63,-1,-1,-1
20,-1,1403.73,1190.11,57.43,62.00,0.59,-1,-1,-1
20,-1,2035.83,614.50,205.26,106.42,0.53,-1,-1,-1
20,-1,2141.67,645.04,54.90,49.06,0.41,-1,-1,-1
20,-1,2397.64,487.31,31.39,13.68,0.38,-1,-1,-1
20,-1,1437.60,958.72,28.13,44.31,0.28,-1,-1,-1
20,-1,2035.97,614.96,199.35,103.06,0.28,-1,-1,-1
20,-1,1438.14,958.86,41.17,45.18,0.24,-1,-1,-1
20,-1,664.07,1.43,821.59,802.69,0.17,-1,-1,-1
20,-1,626.83,9.53,826.25,845.61,0.16,-1,-1,-1
20,-1,2197.28,674.85,33.68,38.72,0.14,-1,-1,-1
20,-1,1404.26,1189.87,56.56,64.29,0.11,-1,-1,-1
20,-1,4.19,549.62,797.05,845.06,0.11,-1,-1,-1
20,-1,117.02,2.26,823.51,806.84,0.11,-1,-1,-1
20,-1,2.52,637.62,795.56,797.33,0.09,-1,-1,-1
20,-1,915.32,199.51,824.67,822.07,0.08,-1,-1,-1
20,-1,116.34,13.10,822.88,841.49,0.08,-1,-1,-1
20,-1,853.19,498.14,820.22,840.32,0.07,-1,-1,-1
20,-1,4.40,454.49,792.00,846.42,0.07,-1,-1,-1
20,-1,788.90,1.28,819.28,804.45,0.07,-1,-1,-1
20,-1,757.56,1.25,820.09,802.87,0.06,-1,-1,-1
20,-1,563.96,326.11,824.22,849.16,0.06,-1,-1,-1
20,-1,2398.03,467.70,35.01,33.09,0.06,-1,-1,-1
20,-1,661.16,41.16,823.48,844.40,0.05,-1,-1,-1
20,-1,55.43,3.56,821.29,803.84,0.05,-1,-1,-1
20,-1,468.44,583.75,825.43,847.27,0.05,-1,-1,-1
20,-1,2393.64,481.51,23.79,12.91,0.05,-1,-1,-1
21,-1,1442.81,1152.86,40.17,51.49,0.84,-1,-1,-1
21,-1,1616.81,737.27,175.02,75.06,0.83,-1,-1,-1
21,-1,805.45,153.40,41.42,71.77,0.38,-1,-1,-1
21,-1,1854.74,7.21,22.83,46.43,0.38,-1,-1,-1
21,-1,1678.22,740.93,81.45,47.00,0.36,-1,-1,-1
21,-1,2396.66,645.05,29.89,42.67,0.36,-1,-1,-1
21,-1,1441.60,1157.28,13.53,17.24,0.12,-1,-1,-1
21,-1,1441.03,1156.86,41.99,46.76,0.11,-1,-1,-1
21,-1,1441.87,1156.07,38.59,48.48,0.10,-1,-1,-1
21,-1,1441.61,1157.22,14.32,18.11,0.10,-1,-1,-1
21,-1,694.09,0.77,820.53,801.49,0.09,-1,-1,-1
21,-1,628.05,40.00,818.10,844.97,0.09,-1,-1,-1
21,-1,501.10,229.63,821.36,847.21,0.09,-1,-1,-1
21,-1,805.57,153.52,40.95,71.38,0.09,-1,-1,-1
21,-1,2384.45,630.21,30.37,27.88,0.09,-1,-1,-1
21,-1,1726.04,741.35,34.07,41.20,0.09,-1,-1,-1
21,-1,721.89,4.66,826.00,848.85,0.08,-1,-1,-1
21,-1,1855.20,7.51,22.64,46.17,0.08,-1,-1,-1
21,-1,246.60,548.74,824.51,851.23,0.08,-1,-1,-1
21,-1,1.74,609.67,796.64,823.16,0.08,-1,-1,-1
21,-1,147.66,633.49,827.11,799.86,0.07,-1,-1,-1
21,-1,248.15,608.71,821.91,825.08,0.07,-1,-1,-1
21,-1,2383.29,629.50,56.15,85.35,0.07,-1,-1,-1
21,-1,437.07,262.94,824.16,846.68,0.07,-1,-1,-1
21,-1,177.53,608.73,833.47,824.99,0.06,-1,-1,-1
21,-1,467.40,323.13,822.93,849.99,0.06,-1,-1,-1
21,-1,1854.57,7.66,22.97,46.22,0.05,-1,-1,-1
22,-1,839.67,166.24,34.45,56.92,0.86,-1,-1,-1
22,-1,1437.39,1144.74,50.99,52.41,0.85,-1,-1,-1
22,-1,1385.28,834.07,75.22,78.00,0.63,-1,-1,-1
22,-1,1359.00,821.57,118.32,124.52,0.62,-1,-1,-1
22,-1,1367.84,827.44,107.03,115.84,0.51,-1,-1,-1
22,-1,2348.41,625.99,83.80,70.36,0.49,-1,-1,-1
22,-1,1853.53,11.16,26.16,52.46,0.41,-1,-1,-1
22,-1,1374.03,862.78,58.47,72.43,0.41,-1,-1,-1
22,-1,215.08,629.35,820.20,805.48,0.25,-1,-1,-1
22,-1,2349.74,625.73,82.18,68.96,0.21,-1,-1,-1
22,-1,628.68,1.96,809.04,798.47,0.19,-1,-1,-1
22,-1,1854.05,10.79,25.94,52.42,0.18,-1,-1,-1
22,-1,1431.08,834.74,30.18,48.18,0.15,-1,-1,-1
22,-1,175.06,630.29,801.30,803.68,0.12,-1,-1,-1
22,-1,1446.49,1183.54,40.71,14.97,0.09,-1,-1,-1
22,-1,842.97,186.22,30.56,40.82,0.08,-1,-1,-1
22,-1,188.15,660.93,815.70,774.21,0.08,-1,-1,-1
22,-1,1434.78,819.93,36.29,35.32,0.08,-1,-1,-1
22,-1,842.49,207.02,25.82,19.83,0.07,-1,-1,-1
22,-1,152.19,630.04,764.89,801.06,0.06,-1,-1,-1
22,-1,839.28,215.38,28.06,20.26,0.06,-1,-1,-1
22,-1,1388.51,834.68,47.87,46.67,0.05,-1,-1,-1
23,-1,2378.66,30.29,60.24,62.96,0.73,-1,-1,-1
23,-1,1256.91,636.34,92.27,160.77,0.62,-1,-1,-1
23,-1,1301.73,613.66,824.95,816.63,0.45,-1,-1,-1
23,-1,1396.68,886.82,62.55,45.58,0.44,-1,-1,-1
23,-1,1278.74,640.62,48.08,75.40,0.38,-1,-1,-1
23,-1,1396.63,886.44,62.01,45.79,0.37,-1,-1,-1
23,-1,1441.65,609.27,44.64,49.67,0.34,-1,-1,-1
23,-1,1280.38,670.73,58.35,114.37,0.24,-1,-1,-1
23,-1,81.01,4.07,832.61,826.81,0.19,-1,-1,-1
23,-1,150.27,42.08,819.94,842.24,0.19,-1,-1,-1
23,-1,1301.14,585.87,826.16,845.19,0.17,-1,-1,-1
23,-1,1256.70,636.47,92.65,161.94,0.14,-1,-1,-1
23,-1,9.57,268.16,810.88,841.64,0.13,-1,-1,-1
23,-1,1620.04,612.87,822.71,816.94,0.12,-1,-1,-1
23,-1,1290.79,645.20,33.65,38.89,0.11,-1,-1,-1
23,-1,1258.01,636.47,91.35,161.44,0.11,-1,-1,-1
23,-1,2378.12,30.25,60.41,63.33,0.11,-1,-1,-1
23,-1,1108.52,-0.52,822.15,806.03,0.10,-1,-1,-1
23,-1,187.09,1.08,819.52,807.02,0.09,-1,-1,-1
23,-1,1777.21,297.86,780.98,842.80,0.09,-1,-1,-1
23,-1,1744.57,633.59,804.60,800.38,0.08,-1,-1,-1
23,-1,1204.56,610.49,827.28,821.42,0.08,-1,-1,-1
23,-1,1587.98,613.74,822.93,815.54,0.07,-1,-1,-1
23,-1,24.61,202.66,820.20,843.70,0.06,-1,-1,-1
23,-1,1684.90,631.48,823.23,801.20,0.06,-1,-1,-1
23,-1,1277.24,661.15,22.56,49.27,0.06,-1,-1,-1
24,-1,1244.03,628.75,151.16,189.35,0.86,-1,-1,-1
24,-1,1437.45,420.60,45.12,43.11,0.81,-1,-1,-1
24,-1,1292.76,636.94,34.12,57.13,0.59,-1,-1,-1
24,-1,1244.29,630.47,151.80,187.45,0.47,-1,-1,-1
24,-1,2.91,1.69,794.16,799.33,0.36,-1,-1,-1
24,-1,1303.76,688.77,62.81,95.47,0.31,-1,-1,-1
24,-1,1375.62,713.56,67.06,53.18,0.28,-1,-1,-1
24,-1,364.19,489.34,49.60,53.02,0.24,-1,-1,-1
24,-1,1321.46,728.48,45.03,56.17,0.23,-1,-1,-1
24,-1,755.10,628.83,825.12,807.57,0.21,-1,-1,-1
24,-1,948.20,-0.17,795.21,806.57,0.14,-1,-1,-1
24,-1,7.63,6.23,809.84,821.00,0.10,-1,-1,-1
24,-1,817.55,629.20,827.82,807.30,0.09,-1,-1,-1
24,-1,2159.90,813.24,15.93,18.14,0.09,-1,-1,-1
24,-1,981.89,0.10,821.95,804.37,0.09,-1,-1,-1
24,-1,1654.41,633.01,821.49,800.90,0.08,-1,-1,-1
24,-1,1311.56,651.52,18.34,40.45,0.08,-1,-1,-1
24,-1,1744.99,587.32,805.27,844.14,0.07,-1,-1,-1
24,-1,1654.64,612.85,820.44,819.71,0.07,-1,-1,-1
24,-1,1525.83,71.49,825.20,849.69,0.05,-1,-1,-1
25,-1,1273.40,697.95,195.80,167.04,0.94,-1,-1,-1
25,-1,1423.32,411.07,46.88,46.27,0.87,-1,-1,-1
25,-1,1333.20,700.98,40.77,62.91,0.70,-1,-1,-1
25,-1,1364.84,726.40,87.53,88.68,0.44,-1,-1,-1
25,-1,116.78,0.17,822.58,802.55,0.33,-1,-1,-1
25,-1,1417.27,727.54,34.32,61.03,0.30,-1,-1,-1
25,-1,1425.47,432.66,57.56,31.09,0.27,-1,-1,-1
25,-1,1367.09,745.97,35.32,41.90,0.24,-1,-1,-1
25,-1,436.14,608.79,824.23,825.61,0.13,-1,-1,-1
25,-1,811.62,6.77,801.16,822.03,0.13,-1,-1,-1
25,-1,1364.10,749.95,54.15,71.24,0.12,-1,-1,-1
25,-1,373.94,609.12,824.45,824.82,0.11,-1,-1,-1
25,-1,1362.73,729.40,25.70,31.93,0.11,-1,-1,-1
25,-1,318.86,626.20,817.43,807.61,0.11,-1,-1,-1
25,-1,829.13,1.91,814.90,807.58,0.06,-1,-1,-1
25,-1,-0.36,199.69,796.47,839.75,0.06,-1,-1,-1
26,-1,1363.00,819.00,228.30,90.56,0.88,-1,-1,-1
26,-1,1277.29,406.87,45.66,51.90,0.87,-1,-1,-1
26,-1,1362.78,819.73,228.36,89.74,0.66,-1,-1,-1
26,-1,1469.71,823.23,41.90,56.05,0.65,-1,-1,-1
26,-1,1427.08,755.76,32.68,69.97,0.34,-1,-1,-1
26,-1,502.05,3.36,817.35,798.07,0.22,-1,-1,-1
26,-1,1360.45,745.61,101.39,80.81,0.11,-1,-1,-1
26,-1,279.78,5.75,822.04,825.93,0.10,-1,-1,-1
26,-1,564.64,609.38,823.50,824.64,0.08,-1,-1,-1
26,-1,1358.59,745.45,24.60,26.28,0.08,-1,-1,-1
26,-1,596.01,608.17,823.12,826.38,0.06,-1,-1,-1
26,-1,1331.33,606.06,824.73,827.83,0.06,-1,-1,-1
27,-1,1430.33,791.22,227.24,138.32,0.90,-1,-1,-1
27,-1,1139.90,441.13,43.61,50.75,0.81,-1,-1,-1
27,-1,1299.01,744.82,38.54,49.66,0.81,-1,-1,-1
27,-1,1385.76,760.99,37.96,51.47,0.80,-1,-1,-1
27,-1,1431.17,791.25,225.68,138.11,0.63,-1,-1,-1
27,-1,1534.24,810.96,47.71,50.95,0.60,-1,-1,-1
27,-1,1310.32,764.83,28.67,29.79,0.22,-1,-1,-1
27,-1,12.54,112.21,804.54,834.86,0.20,-1,-1,-1
27,-1,4.28,392.20,603.09,839.78,0.15,-1,-1,-1
27,-1,531.75,611.28,824.46,821.50,0.13,-1,-1,-1
27,-1,1300.61,747.35,46.81,55.29,0.10,-1,-1,-1
27,-1,1.38,603.27,528.69,831.49,0.09,-1,-1,-1
27,-1,26.96,44.33,818.06,839.92,0.08,-1,-1,-1
27,-1,3.02,361.49,797.66,841.47,0.06,-1,-1,-1
27,-1,1561.41,809.63,43.61,35.55,0.06,-1,-1,-1
27,-1,119.45,3.59,819.50,823.00,0.06,-1,-1,-1
28,-1,1416.13,659.26,165.94,194.77,0.94,-1,-1,-1
28,-1,1124.09,755.54,31.64,59.20,0.82,-1,-1,-1
28,-1,1221.16,785.41,42.36,36.59,0.69,-1,-1,-1
28,-1,1492.68,702.76,41.20,50.53,0.66,-1,-1,-1
28,-1,860.52,545.25,38.87,61.15,0.43,-1,-1,-1
28,-1,0.92,1036.55,349.71,397.15,0.38,-1,-1,-1
28,-1,1518.70,697.65,29.13,44.32,0.33,-1,-1,-1
28,-1,-0.48,632.80,775.72,802.95,0.25,-1,-1,-1
28,-1,860.82,545.31,39.25,61.26,0.22,-1,-1,-1
28,-1,860.87,545.22,39.26,61.14,0.18,-1,-1,-1
28,-1,1524.96,690.76,32.55,40.00,0.16,-1,-1,-1
28,-1,1234.17,786.73,30.52,33.35,0.13,-1,-1,-1
28,-1,1113.05,811.85,21.15,15.80,0.13,-1,-1,-1
28,-1,3.15,488.76,793.27,844.44,0.12,-1,-1,-1
28,-1,1523.29,665.76,51.76,60.78,0.08,-1,-1,-1
28,-1,1112.61,810.35,38.62,19.37,0.06,-1,-1,-1
28,-1,499.96,137.90,826.30,847.56,0.06,-1,-1,-1
28,-1,860.65,546.67,37.11,59.68,0.05,-1,-1,-1
28,-1,439.70,83.67,821.84,835.71,0.05,-1,-1,-1
29,-1,1069.99,548.22,107.08,199.93,0.65,-1,-1,-1
29,-1,610.39,1353.41,50.76,60.32,0.62,-1,-1,-1
29,-1,1093.84,576.93,55.20,113.86,0.55,-1,-1,-1
29,-1,919.48,1270.73,42.65,57.41,0.50,-1,-1,-1
29,-1,1074.19,541.98,112.36,205.79,0.39,-1,-1,-1
29,-1,1085.96,541.55,100.49,204.92,0.20,-1,-1,-1
29,-1,610.73,1352.30,50.66,61.63,0.14,-1,-1,-1
29,-1,2513.39,687.77,11.88,10.83,0.13,-1,-1,-1
29,-1,1047.33,1184.75,42.82,49.30,0.13,-1,-1,-1
29,-1,930.77,1316.34,29.28,11.44,0.12,-1,-1,-1
29,-1,1046.52,1185.40,43.78,49.50,0.09,-1,-1,-1
29,-1,1047.39,1185.01,42.83,49.11,0.07,-1,-1,-1
29,-1,595.51,610.35,823.76,821.91,0.07,-1,-1,-1
29,-1,1046.87,1185.75,43.06,48.82,0.06,-1,-1,-1
29,-1,1047.08,1184.97,43.44,49.51,0.05,-1,-1,-1
29,-1,534.79,609.66,823.01,822.75,0.05,-1,-1,-1
30,-1,970.66,449.98,127.02,239.95,0.71,-1,-1,-1
30,-1,1304.80,1356.80,43.53,46.23,0.51,-1,-1,-1
30,-1,971.54,451.08,116.44,229.13,0.29,-1,-1,-1
30,-1,1023.94,625.67,48.81,32.96,0.24,-1,-1,-1
30,-1,566.55,611.90,820.36,817.30,0.12,-1,-1,-1
30,-1,1304.78,1356.34,43.46,46.36,0.11,-1,-1,-1
30,-1,981.13,451.44,113.40,216.28,0.10,-1,-1,-1
30,-1,406.95,612.16,822.27,817.48,0.08,-1,-1,-1
30,-1,2470.52,423.20,9.58,10.88,0.07,-1,-1,-1
30,-1,883.13,608.79,827.46,822.31,0.06,-1,-1,-1
31,-1,840.10,315.33,104.19,207.08,0.65,-1,-1,-1
31,-1,861.37,363.99,57.85,104.80,0.19,-1,-1,-1
31,-1,840.76,314.29,102.16,207.24,0.18,-1,-1,-1
31,-1,2056.30,983.53,17.97,11.43,0.18,-1,-1,-1
31,-1,840.81,315.31,104.04,209.56,0.17,-1,-1,-1
31,-1,2345.25,152.63,8.78,12.22,0.11,-1,-1,-1
31,-1,177.75,257.06,13.33,12.39,0.06,-1,-1,-1
31,-1,251.49,245.18,9.23,9.62,0.06,-1,-1,-1
31,-1,915.38,628.03,829.71,807.48,0.05,-1,-1,-1
32,-1,903.23,331.24,114.96,186.60,0.43,-1,-1,-1
32,-1,903.26,331.21,115.33,187.56,0.36,-1,-1,-1
32,-1,1680.80,1206.43,728.32,229.25,0.15,-1,-1,-1
32,-1,902.92,332.06,115.24,185.64,0.09,-1,-1,-1
32,-1,974.19,632.57,833.34,804.37,0.08,-1,-1,-1
33,-1,860.58,396.39,120.52,151.83,0.81,-1,-1,-1
33,-1,875.40,410.40,74.88,89.79,0.35,-1,-1,-1
33,-1,312.12,687.44,21.15,8.94,0.06,-1,-1,-1
33,-1,1719.13,629.57,821.13,802.94,0.06,-1,-1,-1
33,-1,932.26,511.95,44.05,34.63,0.05,-1,-1,-1
34,-1,929.57,570.73,118.07,123.37,0.91,-1,-1,-1
34,-1,946.47,580.76,54.13,59.85,0.72,-1,-1,-1
34,-1,2340.06,345.98,18.70,13.48,0.56,-1,-1,-1
35,-1,981.73,820.84,99.25,105.50,0.91,-1,-1,-1
35,-1,998.31,825.32,50.20,56.69,0.70,-1,-1,-1
35,-1,1108.42,610.11,822.12,823.38,0.11,-1,-1,-1
35,-1,2020.23,365.40,24.91,12.71,0.08,-1,-1,-1
35,-1,2016.87,364.41,31.70,14.31,0.08,-1,-1,-1
36,-1,559.18,180.83,142.24,63.17,0.84,-1,-1,-1
36,-1,998.77,972.97,94.83,90.56,0.75,-1,-1,-1
36,-1,1012.71,974.07,58.09,53.97,0.59,-1,-1,-1
36,-1,621.98,194.46,14.39,22.72,0.48,-1,-1,-1
36,-1,590.50,199.68,13.16,20.50,0.45,-1,-1,-1
36,-1,999.09,973.58,89.97,89.72,0.26,-1,-1,-1
36,-1,1016.21,973.61,79.96,85.64,0.14,-1,-1,-1
36,-1,1040.00,626.02,830.47,804.32,0.09,-1,-1,-1
36,-1,1073.80,578.22,825.82,853.07,0.07,-1,-1,-1
37,-1,674.78,429.63,147.22,74.96,0.85,-1,-1,-1
37,-1,704.76,449.88,16.32,23.19,0.74,-1,-1,-1
37,-1,1461.95,36.66,56.05,15.04,0.66,-1,-1,-1
37,-1,1021.29,1093.23,88.67,98.76,0.60,-1,-1,-1
37,-1,740.52,454.11,12.46,16.18,0.51,-1,-1,-1
37,-1,1031.66,1091.04,76.94,89.81,0.46,-1,-1,-1
37,-1,1026.59,1089.56,152.98,126.04,0.24,-1,-1,-1
37,-1,724.50,456.47,12.60,13.45,0.24,-1,-1,-1
37,-1,949.21,489.97,822.06,843.91,0.20,-1,-1,-1
37,-1,631.41,465.60,9.63,12.98,0.19,-1,-1,-1
37,-1,608.32,461.93,11.14,10.13,0.19,-1,-1,-1
37,-1,1203.38,608.63,823.68,817.19,0.16,-1,-1,-1
37,-1,711.37,430.24,45.93,41.29,0.11,-1,-1,-1
37,-1,672.84,465.07,17.62,19.68,0.09,-1,-1,-1
37,-1,608.00,462.22,12.37,16.98,0.08,-1,-1,-1
37,-1,1468.10,32.91,12.09,12.97,0.07,-1,-1,-1
37,-1,630.90,465.70,9.86,13.20,0.06,-1,-1,-1
37,-1,1032.92,1091.13,44.80,27.25,0.05,-1,-1,-1
37,-1,916.18,458.94,825.25,846.40,0.05,-1,-1,-1
38,-1,2068.35,923.59,306.07,172.02,0.91,-1,-1,-1
38,-1,1118.61,912.04,727.32,524.06,0.88,-1,-1,-1
38,-1,1681.85,907.69,127.50,34.45,0.69,-1,-1,-1
38,-1,2210.89,980.31,21.41,42.89,0.58,-1,-1,-1
38,-1,1740.24,881.50,69.30,48.28,0.42,-1,-1,-1
38,-1,1735.92,881.85,23.22,30.13,0.20,-1,-1,-1
38,-1,2191.47,990.77,17.99,19.97,0.08,-1,-1,-1
38,-1,2070.34,942.22,41.83,47.72,0.08,-1,-1,-1
39,-1,2028.77,817.20,320.92,199.39,0.94,-1,-1,-1
39,-1,1670.38,735.25,136.81,61.71,0.82,-1,-1,-1
39,-1,1735.34,726.82,38.25,36.37,0.62,-1,-1,-1
39,-1,1952.54,767.75,30.87,16.63,0.49,-1,-1,-1
39,-1,1930.52,723.89,26.84,19.11,0.32,-1,-1,-1
39,-1,1929.38,721.05,67.57,23.84,0.18,-1,-1,-1
39,-1,1752.13,745.00,31.16,33.11,0.16,-1,-1,-1
39,-1,2095.93,863.87,44.89,47.31,0.13,-1,-1,-1
39,-1,1907.86,732.93,60.05,35.90,0.11,-1,-1,-1
39,-1,1916.16,731.46,100.80,19.79,0.07,-1,-1,-1
39,-1,2180.63,892.56,24.28,22.05,0.07,-1,-1,-1
39,-1,1754.18,742.46,51.69,45.38,0.05,-1,-1,-1
40,-1,1974.86,746.93,311.11,240.79,0.94,-1,-1,-1
40,-1,1697.34,592.60,91.64,92.29,0.85,-1,-1,-1
40,-1,1925.71,661.10,29.02,27.50,0.72,-1,-1,-1
40,-1,1913.06,611.41,34.56,24.13,0.68,-1,-1,-1
40,-1,1730.63,596.99,35.93,29.25,0.61,-1,-1,-1
40,-1,2004.41,748.43,95.84,92.41,0.14,-1,-1,-1
40,-1,1730.26,596.37,38.14,64.64,0.12,-1,-1,-1
40,-1,1720.18,592.57,19.00,50.17,0.06,-1,-1,-1
41,-1,2107.20,782.06,272.58,330.28,0.93,-1,-1,-1
41,-1,1908.31,528.67,113.66,107.20,0.77,-1,-1,-1
41,-1,1947.82,541.70,37.40,61.44,0.76,-1,-1,-1
41,-1,2139.22,588.86,20.10,15.32,0.72,-1,-1,-1
41,-1,2162.03,805.04,52.36,90.41,0.59,-1,-1,-1
41,-1,2115.51,641.33,45.18,42.39,0.37,-1,-1,-1
41,-1,2098.78,638.52,49.51,21.53,0.32,-1,-1,-1
41,-1,1929.57,563.63,42.39,54.14,0.29,-1,-1,-1
41,-1,338.54,471.84,821.31,759.64,0.20,-1,-1,-1
41,-1,2126.31,659.84,34.13,22.96,0.09,-1,-1,-1
41,-1,2154.96,773.61,55.49,61.10,0.08,-1,-1,-1
41,-1,1885.03,676.55,38.78,66.62,0.06,-1,-1,-1
41,-1,2117.18,642.81,28.83,20.38,0.05,-1,-1,-1
42,-1,1836.90,677.43,225.23,378.81,0.93,-1,-1,-1
42,-1,1718.92,403.35,174.99,99.55,0.88,-1,-1,-1
42,-1,1766.34,410.06,48.06,62.89,0.73,-1,-1,-1
42,-1,1888.39,521.85,28.48,27.95,0.58,-1,-1,-1
42,-1,1935.72,459.54,45.22,33.04,0.39,-1,-1,-1
42,-1,1935.86,459.54,21.62,23.83,0.36,-1,-1,-1
42,-1,1898.72,721.07,142.90,129.33,0.07,-1,-1,-1
43,-1,1601.24,621.01,209.67,410.13,0.88,-1,-1,-1
43,-1,1626.08,325.08,204.42,76.98,0.87,-1,-1,-1
43,-1,1688.36,318.29,52.70,66.92,0.75,-1,-1,-1
43,-1,1749.17,421.85,58.83,52.25,0.59,-1,-1,-1
43,-1,1626.21,323.53,204.66,78.66,0.54,-1,-1,-1
43,-1,487.98,1192.70,23.87,20.39,0.38,-1,-1,-1
43,-1,1742.67,435.86,51.65,43.91,0.27,-1,-1,-1
43,-1,1838.93,369.19,43.32,44.63,0.26,-1,-1,-1
43,-1,1840.89,369.18,23.61,36.37,0.18,-1,-1,-1
43,-1,1742.59,434.19,93.57,71.59,0.09,-1,-1,-1
43,-1,1749.32,366.39,136.97,122.09,0.09,-1,-1,-1
44,-1,1474.03,392.63,207.42,88.00,0.91,-1,-1,-1
44,-1,1258.00,694.46,284.77,407.62,0.84,-1,-1,-1
44,-1,1537.75,385.41,41.85,71.07,0.64,-1,-1,-1
44,-1,1531.36,472.23,81.22,81.50,0.42,-1,-1,-1
44,-1,1653.22,426.78,37.12,47.24,0.37,-1,-1,-1
44,-1,1254.16,721.28,286.11,371.16,0.26,-1,-1,-1
44,-1,1439.61,685.33,61.45,65.52,0.10,-1,-1,-1
44,-1,762.59,321.79,18.31,8.48,0.07,-1,-1,-1
44,-1,1530.55,410.52,183.24,146.88,0.06,-1,-1,-1
44,-1,1566.25,392.27,12.93,30.46,0.05,-1,-1,-1
44,-1,1567.28,473.17,41.06,43.14,0.05,-1,-1,-1
44,-1,1440.00,685.53,60.90,65.19,0.05,-1,-1,-1
45,-1,827.28,790.44,380.35,422.24,0.87,-1,-1,-1
45,-1,1245.59,515.31,218.26,117.25,0.80,-1,-1,-1
45,-1,1293.55,516.72,64.77,74.09,0.60,-1,-1,-1
45,-1,1405.30,567.34,50.73,53.74,0.60,-1,-1,-1
45,-1,1368.18,600.31,69.36,32.43,0.59,-1,-1,-1
45,-1,1309.97,590.72,56.61,70.14,0.53,-1,-1,-1
45,-1,1244.61,515.98,222.04,118.22,0.33,-1,-1,-1
45,-1,1301.45,516.98,39.98,38.92,0.11,-1,-1,-1
45,-1,1089.75,904.08,41.74,47.80,0.07,-1,-1,-1
45,-1,1312.92,624.66,41.33,39.61,0.07,-1,-1,-1
45,-1,22.72,625.87,823.73,810.32,0.06,-1,-1,-1
45,-1,1449.82,75.81,453.98,574.28,0.05,-1,-1,-1
46,-1,948.40,629.51,235.45,148.66,0.85,-1,-1,-1
46,-1,1021.77,688.64,42.14,58.76,0.71,-1,-1,-1
46,-1,999.17,653.79,53.47,88.06,0.58,-1,-1,-1
46,-1,337.13,890.76,482.06,396.54,0.36,-1,-1,-1
46,-1,338.67,890.77,480.06,398.06,0.35,-1,-1,-1
46,-1,285.53,351.25,39.92,10.54,0.17,-1,-1,-1
46,-1,285.64,351.17,39.13,10.69,0.12,-1,-1,-1
46,-1,1007.57,654.29,29.47,35.61,0.09,-1,-1,-1
46,-1,1097.05,700.12,44.98,56.66,0.08,-1,-1,-1
46,-1,1569.57,81.82,9.77,9.57,0.08,-1,-1,-1
46,-1,1216.60,335.62,277.49,318.19,0.06,-1,-1,-1
46,-1,1119.20,724.86,37.61,36.15,0.06,-1,-1,-1
47,-1,601.39,833.49,224.27,178.99,0.49,-1,-1,-1
47,-1,602.99,839.04,209.12,175.73,0.34,-1,-1,-1
47,-1,706.58,912.65,104.52,103.59,0.19,-1,-1,-1
47,-1,0.44,1063.41,407.16,368.81,0.18,-1,-1,-1
47,-1,1.25,1062.66,405.99,369.83,0.17,-1,-1,-1
47,-1,1.87,1062.14,404.68,370.68,0.14,-1,-1,-1
47,-1,659.61,896.95,63.61,54.40,0.14,-1,-1,-1
47,-1,609.03,843.26,146.98,110.20,0.13,-1,-1,-1
47,-1,5.06,1105.88,278.53,193.46,0.12,-1,-1,-1
47,-1,705.97,456.62,760.18,617.98,0.10,-1,-1,-1
47,-1,852.07,1.37,824.80,826.65,0.10,-1,-1,-1
47,-1,703.72,888.59,68.44,70.06,0.08,-1,-1,-1
47,-1,756.93,165.93,824.19,840.93,0.07,-1,-1,-1
47,-1,747.48,944.54,63.25,74.34,0.07,-1,-1,-1
47,-1,950.00,611.80,821.95,819.98,0.06,-1,-1,-1
47,-1,601.56,838.28,204.34,164.33,0.06,-1,-1,-1
47,-1,481.01,333.42,12.52,10.70,0.06,-1,-1,-1
47,-1,1489.89,338.39,10.98,11.04,0.05,-1,-1,-1
47,-1,704.65,890.46,40.96,48.62,0.05,-1,-1,-1
47,-1,1075.60,623.12,824.14,813.80,0.05,-1,-1,-1
