1,917,1892.69,517.26,87.48,117.78,0.90,-1,-1,-1
1,918,1496.10,628.96,158.75,49.10,0.87,-1,-1,-1
1,919,2196.17,882.30,110.85,69.23,0.87,-1,-1,-1
1,920,1850.49,1758.23,29.52,26.86,0.79,-1,-1,-1
1,921,2287.23,1287.04,28.27,35.48,0.73,-1,-1,-1
1,922,1619.49,1418.21,27.80,24.63,0.70,-1,-1,-1
1,923,2048.98,1472.72,48.39,30.67,0.68,-1,-1,-1
1,924,1658.43,784.43,54.70,118.45,0.63,-1,-1,-1
1,925,2220.25,1806.39,53.16,66.91,0.62,-1,-1,-1
1,926,1475.43,1554.02,38.16,40.31,0.60,-1,-1,-1
2,917,1893.23,515.32,87.59,117.81,0.85,-1,-1,-1
2,918,1488.22,629.06,151.82,46.90,0.88,-1,-1,-1
2,919,2191.53,882.49,108.71,67.91,0.74,-1,-1,-1
2,920,1852.86,1755.68,30.37,27.62,0.59,-1,-1,-1
2,921,2283.21,1288.06,27.12,33.87,0.63,-1,-1,-1
2,922,1615.61,1410.46,36.26,32.28,0.32,-1,-1,-1
2,923,2045.61,1473.50,47.32,30.04,0.63,-1,-1,-1
2,924,1660.83,786.21,60.24,130.66,0.77,-1,-1,-1
2,925,2220.08,1805.50,55.74,70.22,0.22,-1,-1,-1
2,926,1475.17,1557.59,36.64,38.70,0.55,-1,-1,-1
3,917,1895.55,516.34,85.99,115.40,0.91,-1,-1,-1
3,918,1474.33,627.62,154.12,47.58,0.87,-1,-1,-1
3,919,2186.11,878.11,115.49,72.25,0.87,-1,-1,-1
3,920,1855.01,1753.34,31.94,29.16,0.60,-1,-1,-1
3,921,2280.05,1287.58,29.26,36.02,0.66,-1,-1,-1
3,922,1616.40,1410.19,35.85,32.08,0.45,-1,-1,-1
3,923,2038.07,1474.37,47.45,30.35,0.17,-1,-1,-1
3,924,1664.02,785.68,49.65,107.46,0.68,-1,-1,-1
3,925,2229.51,1809.71,43.37,54.46,0.43,-1,-1,-1
3,926,1470.25,1553.48,45.11,47.90,0.80,-1,-1,-1
3,929,1688.41,1183.10,43.26,29.57,0.80,-1,-1,-1
3,930,1954.34,1657.81,27.78,37.95,0.55,-1,-1,-1
3,932,1939.76,1888.34,33.35,36.14,0.75,-1,-1,-1
3,933,1530.34,1478.87,49.06,34.75,0.59,-1,-1,-1
4,917,1898.09,517.93,83.74,111.80,0.92,-1,-1,-1
4,918,1454.44,622.35,164.72,50.96,0.86,-1,-1,-1
4,919,2181.66,877.90,115.78,72.55,0.83,-1,-1,-1
4,920,1855.14,1749.20,34.98,32.21,0.61,-1,-1,-1
4,921,2278.34,1286.62,28.17,34.71,0.66,-1,-1,-1
4,922,1616.94,1409.24,35.44,31.89,0.42,-1,-1,-1
4,923,2031.84,1473.70,50.26,32.59,0.59,-1,-1,-1
4,924,1666.38,787.54,43.71,94.03,0.72,-1,-1,-1
4,925,2232.52,1812.15,38.23,47.74,0.51,-1,-1,-1
4,926,1468.54,1553.83,46.04,49.20,0.83,-1,-1,-1
4,929,1692.74,1182.77,43.50,29.88,0.37,-1,-1,-1
4,930,1952.46,1656.91,28.65,39.32,0.64,-1,-1,-1
4,932,1939.97,1890.28,30.36,32.85,0.64,-1,-1,-1
4,933,1524.30,1474.84,58.85,41.97,0.67,-1,-1,-1
4,936,1652.60,829.10,81.66,90.07,0.65,-1,-1,-1
5,917,1899.37,515.70,84.80,112.53,0.91,-1,-1,-1
5,918,1440.07,619.28,166.06,51.45,0.87,-1,-1,-1
5,919,2175.55,877.92,118.08,74.30,0.81,-1,-1,-1
5,920,1858.24,1747.48,34.44,31.96,0.69,-1,-1,-1
5,921,2277.17,1284.41,27.98,34.78,0.28,-1,-1,-1
5,922,1617.46,1408.19,35.18,32.03,0.54,-1,-1,-1
5,923,2026.07,1471.33,54.79,36.32,0.20,-1,-1,-1
5,924,1662.90,787.50,57.72,125.33,0.82,-1,-1,-1
5,925,2233.29,1811.34,38.37,47.47,0.38,-1,-1,-1
5,926,1470.14,1559.15,41.37,44.54,0.87,-1,-1,-1
5,929,1695.08,1182.63,43.93,30.24,0.82,-1,-1,-1
5,930,1960.84,1675.68,15.61,21.13,0.56,-1,-1,-1
5,932,1942.27,1891.02,28.79,31.05,0.38,-1,-1,-1
5,933,1534.63,1472.81,49.22,35.49,0.60,-1,-1,-1
5,936,1645.05,826.93,83.72,92.68,0.42,-1,-1,-1
5,938,1716.34,1486.48,47.40,37.64,0.67,-1,-1,-1
6,917,1902.38,515.73,84.15,110.61,0.88,-1,-1,-1
6,918,1432.52,618.67,160.53,49.69,0.88,-1,-1,-1
6,919,2169.70,876.60,122.44,77.62,0.89,-1,-1,-1
6,920,1865.24,1752.08,27.45,25.34,0.54,-1,-1,-1
6,921,2276.23,1281.49,32.93,41.13,0.52,-1,-1,-1
6,922,1620.16,1408.15,33.29,30.75,0.42,-1,-1,-1
6,923,2022.87,1470.60,57.63,39.25,0.41,-1,-1,-1
6,924,1664.73,788.26,60.62,133.33,0.83,-1,-1,-1
6,925,2231.79,1809.03,41.35,50.71,0.52,-1,-1,-1
6,926,1470.78,1559.03,40.99,44.82,0.66,-1,-1,-1
6,929,1696.95,1177.93,48.88,33.89,0.75,-1,-1,-1
6,930,1965.04,1681.00,11.51,15.41,0.51,-1,-1,-1
6,932,1941.39,1888.90,30.88,33.25,0.61,-1,-1,-1
6,936,1638.90,813.77,87.48,97.66,0.20,-1,-1,-1
6,938,1712.25,1483.14,57.85,46.20,0.75,-1,-1,-1
6,939,1799.30,1546.84,62.65,83.66,0.75,-1,-1,-1
7,917,1904.48,513.97,85.85,111.90,0.79,-1,-1,-1
7,918,1422.61,618.90,159.84,49.46,0.85,-1,-1,-1
7,919,2166.85,877.47,122.97,78.60,0.89,-1,-1,-1
7,920,1867.67,1745.83,32.72,30.62,0.75,-1,-1,-1
7,921,2275.74,1278.81,31.21,39.29,0.70,-1,-1,-1
7,922,1625.83,1408.75,31.08,29.07,0.47,-1,-1,-1
7,923,2017.09,1464.88,71.24,49.84,0.56,-1,-1,-1
7,924,1673.06,788.35,60.68,135.37,0.78,-1,-1,-1
7,925,2231.47,1806.24,48.31,59.22,0.59,-1,-1,-1
7,926,1478.56,1561.00,37.59,41.42,0.53,-1,-1,-1
7,929,1703.35,1176.29,48.60,34.01,0.69,-1,-1,-1
7,932,1944.07,1887.63,33.77,36.39,0.69,-1,-1,-1
7,936,1649.34,838.45,69.92,78.33,0.63,-1,-1,-1
7,938,1708.53,1483.30,66.10,53.26,0.37,-1,-1,-1
7,939,1800.93,1538.27,72.09,95.91,0.15,-1,-1,-1
8,917,1909.04,512.36,87.66,113.40,0.83,-1,-1,-1
8,918,1415.93,618.95,156.51,48.27,0.86,-1,-1,-1
8,919,2165.58,878.44,122.89,79.35,0.90,-1,-1,-1
8,920,1873.06,1744.89,33.07,31.30,0.80,-1,-1,-1
8,921,2279.40,1276.67,30.80,38.82,0.63,-1,-1,-1
8,922,1632.94,1407.37,32.09,30.60,0.78,-1,-1,-1
8,923,2020.01,1466.91,72.37,51.56,0.24,-1,-1,-1
8,924,1689.92,791.69,50.54,111.11,0.71,-1,-1,-1
8,925,2234.18,1806.71,52.45,64.27,0.52,-1,-1,-1
8,926,1486.23,1560.49,35.54,39.82,0.16,-1,-1,-1
8,929,1712.61,1177.58,48.33,34.19,0.81,-1,-1,-1
8,932,1948.94,1889.16,33.63,36.15,0.77,-1,-1,-1
8,938,1712.32,1487.47,69.00,55.73,0.71,-1,-1,-1
8,939,1818.68,1540.51,68.68,91.63,0.34,-1,-1,-1
9,917,1915.89,511.83,89.09,114.52,0.32,-1,-1,-1
9,918,1410.29,618.29,154.64,47.52,0.84,-1,-1,-1
9,919,2166.58,880.11,122.46,79.89,0.78,-1,-1,-1
9,920,1880.52,1743.68,33.85,32.37,0.78,-1,-1,-1
9,921,2281.22,1274.97,32.98,41.87,0.66,-1,-1,-1
9,922,1643.61,1407.97,31.17,30.19,0.76,-1,-1,-1
9,923,2021.97,1474.66,75.55,55.38,0.75,-1,-1,-1
9,924,1695.40,795.42,56.85,123.60,0.51,-1,-1,-1
9,925,2242.43,1806.86,55.55,67.52,0.53,-1,-1,-1
9,929,1724.34,1178.58,48.69,34.84,0.79,-1,-1,-1
9,932,1954.29,1888.78,36.04,38.84,0.79,-1,-1,-1
9,938,1720.28,1486.86,73.46,59.06,0.32,-1,-1,-1
9,939,1816.05,1545.90,73.16,97.43,0.59,-1,-1,-1
9,933,1552.24,1492.13,38.44,27.79,0.66,-1,-1,-1
10,917,1924.04,511.32,88.83,113.16,0.86,-1,-1,-1
10,918,1396.24,611.71,171.06,53.01,0.88,-1,-1,-1
10,919,2168.08,881.44,123.40,81.34,0.54,-1,-1,-1
10,920,1884.55,1738.44,38.51,37.52,0.81,-1,-1,-1
10,921,2284.98,1272.46,36.84,46.94,0.85,-1,-1,-1
10,922,1652.37,1407.78,31.99,31.49,0.59,-1,-1,-1
10,924,1705.87,797.58,58.04,125.64,0.79,-1,-1,-1
10,925,2248.86,1805.41,60.10,72.82,0.83,-1,-1,-1
10,929,1735.75,1178.08,50.09,36.21,0.77,-1,-1,-1
10,932,1959.89,1892.13,35.68,38.16,0.71,-1,-1,-1
10,938,1718.64,1481.11,81.02,65.56,0.21,-1,-1,-1
10,945,1953.49,1912.85,34.68,19.67,0.57,-1,-1,-1
10,946,2279.60,1386.90,90.04,120.47,0.72,-1,-1,-1
10,933,1555.26,1482.89,38.47,27.43,0.63,-1,-1,-1
10,936,1676.07,844.53,71.73,82.53,0.51,-1,-1,-1
10,926,1500.22,1557.38,40.28,46.54,0.78,-1,-1,-1
11,917,1932.29,513.36,87.37,109.54,0.72,-1,-1,-1
11,918,1393.60,612.05,165.24,51.17,0.78,-1,-1,-1
11,919,2171.27,885.62,119.54,79.58,0.90,-1,-1,-1
11,920,1894.33,1743.57,33.01,31.90,0.62,-1,-1,-1
11,921,2290.22,1269.10,36.14,46.31,0.40,-1,-1,-1
11,922,1661.14,1408.13,33.44,33.48,0.76,-1,-1,-1
11,924,1710.81,798.52,60.62,128.94,0.74,-1,-1,-1
11,925,2256.28,1802.95,62.18,74.92,0.52,-1,-1,-1
11,929,1740.56,1173.95,57.69,41.71,0.86,-1,-1,-1
11,932,1966.68,1895.75,33.27,35.11,0.80,-1,-1,-1
11,938,1722.15,1477.84,76.55,60.98,0.21,-1,-1,-1
11,945,1960.06,1914.55,29.76,16.94,0.58,-1,-1,-1
11,946,2284.69,1386.58,89.22,119.36,0.73,-1,-1,-1
11,933,1561.73,1480.57,36.22,25.72,0.44,-1,-1,-1
11,936,1674.21,817.24,91.91,108.82,0.29,-1,-1,-1
11,926,1507.62,1554.53,42.80,50.99,0.69,-1,-1,-1
11,923,2039.74,1485.36,54.85,39.89,0.81,-1,-1,-1
12,917,1938.23,509.97,89.97,111.46,0.64,-1,-1,-1
12,918,1387.47,611.76,163.22,50.57,0.84,-1,-1,-1
12,919,2175.18,889.99,114.95,76.85,0.57,-1,-1,-1
12,920,1901.70,1745.84,30.96,29.40,0.14,-1,-1,-1
12,921,2293.51,1267.09,37.58,48.81,0.80,-1,-1,-1
12,922,1670.73,1412.74,31.56,31.30,0.60,-1,-1,-1
12,924,1716.65,798.88,62.76,129.73,0.77,-1,-1,-1
12,925,2257.65,1803.80,63.27,76.17,0.77,-1,-1,-1
12,929,1745.04,1168.44,67.28,49.04,0.83,-1,-1,-1
12,932,1970.74,1896.18,36.62,38.92,0.84,-1,-1,-1
12,946,2289.97,1386.27,88.84,118.79,0.72,-1,-1,-1
12,933,1564.64,1478.35,46.62,33.83,0.73,-1,-1,-1
12,936,1684.31,804.44,105.20,126.28,0.17,-1,-1,-1
12,926,1515.86,1551.13,42.32,51.85,0.61,-1,-1,-1
12,950,1949.34,1343.84,42.87,48.44,0.88,-1,-1,-1
12,923,2043.02,1491.27,56.85,42.22,0.80,-1,-1,-1
12,939,1849.61,1565.11,48.98,61.42,0.68,-1,-1,-1
13,917,1944.09,507.48,91.62,112.02,0.69,-1,-1,-1
13,918,1382.05,610.48,159.51,49.28,0.86,-1,-1,-1
13,919,2177.09,890.65,113.24,76.25,0.87,-1,-1,-1
13,920,1907.68,1749.38,26.95,25.04,0.26,-1,-1,-1
13,921,2297.14,1267.87,36.20,47.24,0.79,-1,-1,-1
13,924,1725.54,798.97,63.46,126.94,0.74,-1,-1,-1
13,925,2266.39,1806.33,54.64,64.22,0.47,-1,-1,-1
13,929,1747.99,1163.75,80.18,59.63,0.83,-1,-1,-1
13,932,1977.62,1893.89,35.61,37.82,0.78,-1,-1,-1
13,946,2294.76,1386.22,88.55,118.31,0.71,-1,-1,-1
13,933,1571.43,1473.48,45.49,33.13,0.37,-1,-1,-1
13,926,1523.49,1547.21,41.44,51.72,0.59,-1,-1,-1
13,950,1952.24,1337.96,47.87,54.22,0.85,-1,-1,-1
13,923,2043.92,1492.83,61.42,47.01,0.78,-1,-1,-1
13,939,1860.91,1554.06,51.09,61.36,0.56,-1,-1,-1
14,917,1953.53,505.77,90.50,108.70,0.92,-1,-1,-1
14,918,1362.67,602.54,171.31,53.43,0.77,-1,-1,-1
14,919,2177.66,888.77,113.09,76.61,0.91,-1,-1,-1
14,920,1917.67,1747.65,25.12,22.72,0.51,-1,-1,-1
14,921,2297.86,1263.88,38.91,51.24,0.75,-1,-1,-1
14,924,1749.38,795.92,54.50,109.94,0.57,-1,-1,-1
14,925,2277.51,1803.30,50.87,58.34,0.74,-1,-1,-1
14,929,1760.03,1160.86,77.46,58.51,0.84,-1,-1,-1
14,932,1986.58,1887.09,35.11,37.21,0.52,-1,-1,-1
14,946,2303.79,1384.92,88.27,117.62,0.57,-1,-1,-1
14,926,1532.31,1541.86,43.64,54.82,0.82,-1,-1,-1
14,950,1961.98,1336.22,50.03,56.48,0.68,-1,-1,-1
14,923,2050.05,1493.96,53.44,41.65,0.84,-1,-1,-1
14,939,1867.40,1557.26,48.70,54.89,0.60,-1,-1,-1
14,953,1492.30,1918.57,77.23,39.96,0.56,-1,-1,-1
15,917,1959.80,503.45,91.55,108.11,0.87,-1,-1,-1
15,918,1355.43,600.06,166.00,51.84,0.86,-1,-1,-1
15,919,2179.26,887.29,111.36,75.68,0.87,-1,-1,-1
15,920,1924.94,1743.94,25.04,22.47,0.58,-1,-1,-1
15,921,2303.27,1260.70,39.16,52.66,0.56,-1,-1,-1
15,924,1759.23,791.23,51.99,104.65,0.77,-1,-1,-1
15,925,2288.52,1800.37,49.81,56.32,0.37,-1,-1,-1
15,929,1778.85,1158.49,58.28,45.25,0.66,-1,-1,-1
15,932,1993.69,1881.14,34.62,35.97,0.71,-1,-1,-1
15,946,2308.03,1382.46,88.60,117.90,0.86,-1,-1,-1
15,926,1538.05,1537.30,45.35,57.53,0.86,-1,-1,-1
15,950,1963.80,1330.65,53.21,60.65,0.73,-1,-1,-1
15,923,2056.51,1492.35,50.34,39.04,0.83,-1,-1,-1
15,953,1503.08,1917.02,74.04,38.26,0.17,-1,-1,-1
15,933,1585.42,1469.64,50.70,36.70,0.56,-1,-1,-1
16,917,1965.46,500.63,92.84,107.98,0.88,-1,-1,-1
16,918,1348.09,597.05,161.76,50.47,0.81,-1,-1,-1
16,919,2181.96,885.54,109.14,74.21,0.88,-1,-1,-1
16,920,1931.71,1737.60,27.08,24.05,0.75,-1,-1,-1
16,921,2307.89,1257.59,39.85,53.79,0.62,-1,-1,-1
16,924,1752.22,788.76,59.68,116.53,0.46,-1,-1,-1
16,925,2292.27,1791.69,54.16,60.57,0.80,-1,-1,-1
16,929,1776.99,1153.30,60.57,47.70,0.68,-1,-1,-1
16,932,1996.74,1874.46,37.80,38.68,0.77,-1,-1,-1
16,946,2312.04,1379.44,88.21,116.85,0.75,-1,-1,-1
16,926,1547.27,1535.80,43.87,53.96,0.65,-1,-1,-1
16,950,1968.42,1329.24,53.50,61.17,0.84,-1,-1,-1
16,923,2056.06,1489.58,44.87,35.22,0.84,-1,-1,-1
16,953,1506.88,1911.90,82.27,42.67,0.31,-1,-1,-1
16,955,1678.87,1579.39,63.92,37.22,0.80,-1,-1,-1
16,933,1586.11,1465.53,51.69,36.54,0.63,-1,-1,-1
16,936,1723.53,788.00,102.74,125.76,0.58,-1,-1,-1
17,917,1971.22,499.30,91.75,104.56,0.91,-1,-1,-1
17,918,1339.47,592.76,160.45,50.03,0.87,-1,-1,-1
17,919,2184.02,882.40,108.56,73.76,0.81,-1,-1,-1
17,921,2308.47,1253.54,41.80,57.22,0.79,-1,-1,-1
17,924,1757.24,786.66,61.35,116.90,0.75,-1,-1,-1
17,925,2294.98,1787.12,56.59,61.78,0.55,-1,-1,-1
17,929,1787.48,1147.66,58.13,46.85,0.72,-1,-1,-1
17,932,1996.33,1867.61,44.59,45.48,0.53,-1,-1,-1
17,946,2315.47,1375.43,88.57,116.84,0.65,-1,-1,-1
17,926,1553.19,1534.37,43.15,50.63,0.66,-1,-1,-1
17,950,1972.75,1324.17,53.22,61.59,0.57,-1,-1,-1
17,923,2054.43,1487.86,42.47,33.34,0.73,-1,-1,-1
17,953,1509.56,1908.14,87.78,45.67,0.24,-1,-1,-1
17,955,1678.07,1576.15,57.17,33.22,0.33,-1,-1,-1
17,933,1576.50,1452.65,66.04,49.13,0.61,-1,-1,-1
18,917,1975.65,493.15,93.94,105.39,0.86,-1,-1,-1
18,918,1332.81,589.86,154.47,47.89,0.88,-1,-1,-1
18,919,2186.54,879.54,105.79,71.61,0.92,-1,-1,-1
18,921,2312.34,1248.49,39.04,53.88,0.52,-1,-1,-1
18,924,1760.23,782.20,63.99,118.59,0.65,-1,-1,-1
18,925,2300.52,1780.73,58.81,63.67,0.25,-1,-1,-1
18,929,1790.42,1138.70,66.69,55.12,0.80,-1,-1,-1
18,932,1996.60,1856.61,48.11,49.33,0.49,-1,-1,-1
18,946,2318.26,1369.46,89.31,117.26,0.85,-1,-1,-1
18,926,1557.49,1532.24,43.25,48.23,0.74,-1,-1,-1
18,950,1975.58,1314.65,54.76,64.05,0.81,-1,-1,-1
18,923,2050.95,1483.92,44.68,34.69,0.11,-1,-1,-1
18,955,1680.00,1573.93,46.67,26.88,0.25,-1,-1,-1
19,917,1981.96,481.76,95.08,105.09,0.70,-1,-1,-1
19,918,1320.27,579.23,151.29,46.59,0.80,-1,-1,-1
19,919,2190.19,870.87,103.88,69.73,0.91,-1,-1,-1
19,921,2315.68,1237.24,41.36,57.15,0.70,-1,-1,-1
19,924,1763.87,773.04,65.79,116.91,0.47,-1,-1,-1
19,925,2305.09,1774.44,58.24,60.61,0.11,-1,-1,-1
19,929,1798.52,1127.29,65.39,54.54,0.81,-1,-1,-1
19,932,1993.45,1831.48,58.18,60.38,0.56,-1,-1,-1
19,946,2324.71,1357.64,91.04,119.05,0.80,-1,-1,-1
19,926,1564.00,1523.71,42.65,45.54,0.77,-1,-1,-1
19,950,1981.40,1303.51,53.01,62.39,0.78,-1,-1,-1
20,917,1991.94,467.36,91.73,98.50,0.80,-1,-1,-1
20,918,1300.27,559.56,156.65,48.27,0.88,-1,-1,-1
20,919,2192.44,856.51,101.83,67.28,0.88,-1,-1,-1
20,921,2316.03,1218.73,40.21,57.57,0.79,-1,-1,-1
20,924,1770.00,754.79,68.95,117.94,0.69,-1,-1,-1
20,929,1810.09,1106.20,64.75,55.12,0.57,-1,-1,-1
20,932,1994.90,1808.83,65.46,68.11,0.54,-1,-1,-1
20,946,2329.77,1337.05,93.14,122.87,0.72,-1,-1,-1
20,953,1547.68,1866.15,99.52,51.53,0.52,-1,-1,-1
21,917,1999.50,453.19,91.89,96.24,0.83,-1,-1,-1
21,918,1289.47,545.01,153.20,47.00,0.87,-1,-1,-1
21,919,2192.78,846.37,98.35,63.89,0.57,-1,-1,-1
21,921,2317.78,1202.36,37.59,55.27,0.64,-1,-1,-1
21,924,1774.26,741.03,70.48,115.62,0.21,-1,-1,-1
21,929,1817.54,1087.88,65.60,57.88,0.78,-1,-1,-1
21,932,1997.17,1795.64,66.05,67.88,0.13,-1,-1,-1
21,946,2333.78,1318.44,94.70,126.33,0.77,-1,-1,-1
21,961,1770.73,1221.16,27.48,41.60,0.82,-1,-1,-1
21,963,1659.12,1520.22,56.87,37.99,0.63,-1,-1,-1
21,953,1559.55,1854.57,95.81,48.86,0.72,-1,-1,-1
22,917,2004.62,439.51,93.12,95.24,0.82,-1,-1,-1
22,918,1276.68,532.19,159.75,49.14,0.87,-1,-1,-1
22,919,2194.00,837.13,96.02,61.00,0.90,-1,-1,-1
22,921,2317.92,1188.32,37.41,56.49,0.56,-1,-1,-1
22,929,1827.43,1073.98,63.99,58.59,0.85,-1,-1,-1
22,932,2003.07,1782.12,66.72,68.35,0.77,-1,-1,-1
22,946,2337.77,1303.45,94.91,128.31,0.32,-1,-1,-1
22,961,1776.96,1208.63,27.45,41.30,0.79,-1,-1,-1
22,953,1558.29,1831.35,117.26,60.29,0.64,-1,-1,-1
22,966,2203.02,1337.71,54.62,70.93,0.58,-1,-1,-1
22,950,2007.69,1262.07,43.50,51.65,0.56,-1,-1,-1
23,917,2012.80,411.23,96.90,97.16,0.52,-1,-1,-1
23,918,1260.47,504.97,164.07,50.65,0.87,-1,-1,-1
23,919,2195.23,815.29,95.84,59.69,0.86,-1,-1,-1
23,929,1837.22,1045.31,61.38,58.09,0.80,-1,-1,-1
23,932,2015.85,1759.25,64.67,66.37,0.67,-1,-1,-1
23,946,2346.54,1275.56,95.34,131.09,0.13,-1,-1,-1
23,953,1576.33,1806.19,114.69,59.14,0.76,-1,-1,-1
23,966,2203.63,1307.47,61.03,79.64,0.62,-1,-1,-1
23,967,2002.09,407.98,117.77,97.78,0.72,-1,-1,-1
23,950,2017.50,1230.90,43.10,51.78,0.56,-1,-1,-1
23,924,1805.69,737.07,41.85,65.13,0.51,-1,-1,-1
24,917,2020.18,371.06,103.62,102.95,0.67,-1,-1,-1
24,918,1246.95,474.25,159.08,49.00,0.79,-1,-1,-1
24,919,2198.74,785.31,96.54,59.04,0.86,-1,-1,-1
24,929,1849.17,1007.80,63.11,60.44,0.76,-1,-1,-1
24,946,2359.53,1241.04,94.16,131.46,0.75,-1,-1,-1
24,953,1590.83,1778.78,101.08,52.81,0.55,-1,-1,-1
24,924,1805.81,703.95,47.46,70.54,0.51,-1,-1,-1
25,917,2026.32,343.75,107.76,106.26,0.79,-1,-1,-1
25,918,1237.35,450.03,160.02,49.32,0.82,-1,-1,-1
25,919,2201.52,764.76,96.82,58.07,0.90,-1,-1,-1
25,929,1864.34,983.36,61.48,60.64,0.84,-1,-1,-1
25,946,2365.73,1216.38,92.47,132.62,0.89,-1,-1,-1
25,924,1811.51,693.70,44.40,61.09,0.17,-1,-1,-1
25,970,1795.95,1115.07,46.76,42.65,0.87,-1,-1,-1
25,973,2336.95,1113.10,34.39,59.29,0.73,-1,-1,-1
26,917,2045.22,309.15,104.49,101.50,0.77,-1,-1,-1
26,918,1224.05,415.68,167.01,51.86,0.90,-1,-1,-1
26,919,2208.32,728.83,97.24,57.19,0.91,-1,-1,-1
26,946,2379.83,1178.50,90.10,132.99,0.91,-1,-1,-1
26,973,2348.25,1078.35,35.87,61.37,0.71,-1,-1,-1
27,917,2070.29,296.20,89.50,84.31,0.80,-1,-1,-1
27,918,1222.46,388.86,160.97,49.92,0.87,-1,-1,-1
27,919,2215.45,701.07,97.18,56.04,0.90,-1,-1,-1
27,946,2393.47,1148.50,87.84,133.42,0.91,-1,-1,-1
27,973,2357.67,1043.64,41.06,69.92,0.74,-1,-1,-1
27,976,2044.54,1109.72,66.24,52.33,0.74,-1,-1,-1
28,917,2078.24,266.81,94.44,87.43,0.82,-1,-1,-1
28,918,1224.00,365.10,154.81,47.75,0.89,-1,-1,-1
28,919,2223.33,675.47,98.71,55.90,0.91,-1,-1,-1
28,946,2406.34,1120.42,85.92,134.07,0.88,-1,-1,-1
28,973,2370.57,1017.09,41.99,71.01,0.72,-1,-1,-1
28,976,2049.24,1083.28,75.67,60.06,0.68,-1,-1,-1
28,979,1836.01,552.17,89.43,116.52,0.54,-1,-1,-1
28,980,2072.71,1627.41,46.64,59.62,0.76,-1,-1,-1
28,981,1358.32,1148.16,72.38,100.07,0.57,-1,-1,-1
28,982,2268.28,1119.98,60.10,80.61,0.85,-1,-1,-1
29,917,2099.38,229.30,93.17,83.26,0.86,-1,-1,-1
29,918,1222.34,324.97,165.29,51.36,0.90,-1,-1,-1
29,919,2239.32,636.87,100.75,56.24,0.91,-1,-1,-1
29,946,2430.68,1077.65,84.87,136.21,0.79,-1,-1,-1
29,979,1856.22,515.89,85.54,111.37,0.69,-1,-1,-1
29,980,2095.27,1620.11,32.52,40.85,0.64,-1,-1,-1
29,981,1387.95,1115.92,72.67,100.50,0.52,-1,-1,-1
30,917,2125.59,202.68,87.96,75.65,0.82,-1,-1,-1
30,918,1225.91,295.05,166.65,52.08,0.91,-1,-1,-1
30,919,2253.38,607.14,100.79,55.58,0.69,-1,-1,-1
30,946,2454.23,1042.57,83.96,137.37,0.86,-1,-1,-1
30,979,1890.76,482.77,74.84,97.60,0.53,-1,-1,-1
30,981,1414.91,1087.14,73.22,101.27,0.74,-1,-1,-1
30,992,2112.93,1551.84,41.70,78.56,0.81,-1,-1,-1
30,929,1877.54,927.96,63.37,64.64,0.72,-1,-1,-1
31,917,2146.02,175.40,87.17,71.46,0.87,-1,-1,-1
31,918,1229.61,266.46,172.54,54.49,0.90,-1,-1,-1
31,919,2269.69,579.93,100.22,54.40,0.91,-1,-1,-1
31,946,2478.14,1012.93,82.29,136.74,0.80,-1,-1,-1
31,979,1924.36,453.52,58.03,75.12,0.66,-1,-1,-1
31,981,1438.77,1062.76,72.51,100.35,0.83,-1,-1,-1
31,992,2135.33,1557.11,28.11,51.62,0.57,-1,-1,-1
31,997,1943.18,457.50,52.60,78.41,0.53,-1,-1,-1
31,929,1890.08,904.60,60.40,62.76,0.82,-1,-1,-1
32,917,2164.69,145.79,90.94,72.02,0.86,-1,-1,-1
32,918,1237.14,239.41,173.36,55.28,0.91,-1,-1,-1
32,919,2285.90,552.29,101.70,54.38,0.91,-1,-1,-1
32,946,2497.62,983.30,80.41,137.76,0.85,-1,-1,-1
32,979,1959.27,424.75,44.02,54.81,0.47,-1,-1,-1
32,981,1464.43,1039.76,71.88,99.48,0.66,-1,-1,-1
32,929,1905.09,877.61,63.75,68.16,0.82,-1,-1,-1
32,938,1762.41,1537.76,77.64,55.68,0.57,-1,-1,-1
33,917,2181.73,121.31,94.99,73.25,0.83,-1,-1,-1
33,918,1245.35,214.67,174.86,56.34,0.90,-1,-1,-1
33,919,2302.55,529.25,99.50,52.34,0.87,-1,-1,-1
33,946,2517.21,956.06,76.69,135.58,0.75,-1,-1,-1
33,981,1485.60,1019.35,71.53,99.05,0.68,-1,-1,-1
33,929,1920.75,855.12,64.98,72.54,0.68,-1,-1,-1
33,1004,2144.57,926.53,93.15,74.04,0.83,-1,-1,-1
33,1006,2156.01,1486.47,66.76,72.25,0.57,-1,-1,-1
33,997,1936.37,450.89,38.73,57.46,0.63,-1,-1,-1
34,917,2204.51,95.72,93.63,69.44,0.74,-1,-1,-1
34,918,1257.73,187.71,175.24,57.02,0.90,-1,-1,-1
34,919,2322.19,502.46,101.00,52.35,0.91,-1,-1,-1
34,946,2540.16,927.37,74.88,136.30,0.79,-1,-1,-1
34,981,1510.06,995.91,71.81,99.68,0.51,-1,-1,-1
34,1004,2165.37,901.21,94.70,75.48,0.59,-1,-1,-1
35,917,2224.65,60.36,102.17,74.23,0.72,-1,-1,-1
35,918,1276.62,160.43,169.01,55.21,0.80,-1,-1,-1
35,919,2344.96,473.64,102.70,52.60,0.87,-1,-1,-1
35,946,2564.25,895.13,74.33,138.91,0.76,-1,-1,-1
35,981,1536.77,970.61,72.83,101.60,0.76,-1,-1,-1
35,1004,2196.67,870.18,91.90,73.29,0.58,-1,-1,-1
35,970,1807.56,1110.32,70.20,58.95,0.52,-1,-1,-1
35,929,1963.58,795.25,64.90,73.55,0.61,-1,-1,-1
36,917,2252.78,33.27,99.97,70.16,0.83,-1,-1,-1
36,918,1295.75,132.55,163.38,53.46,0.89,-1,-1,-1
36,919,2368.76,443.42,104.78,53.11,0.85,-1,-1,-1
36,946,2594.40,865.44,74.12,136.65,0.87,-1,-1,-1
36,981,1566.06,944.54,72.60,101.67,0.67,-1,-1,-1
36,970,1800.83,1099.54,65.18,56.36,0.62,-1,-1,-1
37,917,2284.06,4.11,97.29,65.70,0.85,-1,-1,-1
37,918,1314.40,104.38,163.77,53.76,0.90,-1,-1,-1
37,919,2392.49,411.82,106.60,53.75,0.69,-1,-1,-1
37,946,2624.37,834.72,70.88,134.06,0.63,-1,-1,-1
37,981,1598.25,918.24,71.59,100.21,0.55,-1,-1,-1
38,917,2323.91,-6.70,78.42,48.24,0.85,-1,-1,-1
38,918,1330.31,78.64,165.55,54.64,0.89,-1,-1,-1
38,919,2415.11,384.61,107.19,53.51,0.92,-1,-1,-1
38,946,2655.32,805.99,70.09,131.23,0.63,-1,-1,-1
38,981,1626.32,894.01,72.06,100.92,0.56,-1,-1,-1
39,918,1349.16,48.59,167.74,55.78,0.87,-1,-1,-1
39,919,2440.55,352.87,108.48,53.87,0.79,-1,-1,-1
39,946,2685.46,774.34,71.18,133.48,0.65,-1,-1,-1
39,981,1658.82,868.73,71.40,99.86,0.71,-1,-1,-1
40,918,1371.37,16.86,169.48,56.77,0.89,-1,-1,-1
40,919,2470.41,321.74,107.56,52.79,0.91,-1,-1,-1
40,946,2720.19,742.99,70.62,130.99,0.64,-1,-1,-1
40,981,1694.20,841.18,71.99,100.47,0.57,-1,-1,-1
41,918,1411.49,-2.85,138.42,44.74,0.89,-1,-1,-1
41,919,2502.10,289.84,106.51,51.68,0.90,-1,-1,-1
41,946,2751.96,709.30,69.68,129.89,0.42,-1,-1,-1
41,981,1731.41,812.89,73.71,102.57,0.13,-1,-1,-1
42,919,2531.29,261.70,104.55,49.92,0.90,-1,-1,-1
42,946,2780.09,678.40,69.70,130.29,0.74,-1,-1,-1
42,981,1764.87,788.22,72.60,100.72,0.34,-1,-1,-1
42,1044,2183.79,138.74,106.01,105.51,0.59,-1,-1,-1
43,919,2565.93,230.54,104.29,49.29,0.91,-1,-1,-1
43,946,2816.09,646.24,68.84,127.52,0.55,-1,-1,-1
43,981,1803.47,759.59,72.18,100.22,0.61,-1,-1,-1
44,919,2600.61,196.14,107.61,50.45,0.90,-1,-1,-1
44,946,2853.76,611.41,69.05,126.16,0.76,-1,-1,-1
44,981,1844.37,730.28,71.58,99.56,0.88,-1,-1,-1
44,1049,386.48,1712.10,56.95,74.95,0.83,-1,-1,-1
45,919,2630.27,169.94,110.09,51.39,0.90,-1,-1,-1
45,946,2886.57,584.48,68.58,122.89,0.89,-1,-1,-1
45,981,1878.40,708.66,71.89,99.84,0.79,-1,-1,-1
45,1056,2288.41,45.38,111.23,102.37,0.52,-1,-1,-1
46,919,2648.71,150.45,115.15,53.79,0.65,-1,-1,-1
46,946,2911.58,564.18,69.11,120.76,0.92,-1,-1,-1
46,981,1904.37,694.51,71.86,99.47,0.66,-1,-1,-1
47,919,2660.51,140.53,114.79,53.50,0.90,-1,-1,-1
47,946,2925.61,550.85,70.39,119.65,0.81,-1,-1,-1
47,981,1920.60,687.01,71.82,99.21,0.67,-1,-1,-1
48,919,2665.25,131.65,118.85,55.52,0.90,-1,-1,-1
48,946,2935.10,540.19,70.50,115.35,0.74,-1,-1,-1
48,981,1934.02,682.84,72.42,100.30,0.73,-1,-1,-1
48,1063,703.42,1816.87,32.26,30.70,0.61,-1,-1,-1
48,966,2215.37,1142.51,55.68,57.02,0.89,-1,-1,-1
48,1056,2334.48,14.16,107.04,98.32,0.59,-1,-1,-1
49,919,2665.60,126.97,120.35,56.54,0.90,-1,-1,-1
49,946,2937.25,535.09,71.06,111.42,0.86,-1,-1,-1
49,1063,706.08,1812.65,31.84,30.29,0.46,-1,-1,-1
49,1066,2106.68,805.71,61.00,57.10,0.53,-1,-1,-1
49,1056,2339.13,6.44,108.50,99.57,0.47,-1,-1,-1
50,919,2661.90,127.45,116.74,54.69,0.89,-1,-1,-1
50,946,2937.49,531.79,70.80,104.85,0.93,-1,-1,-1
50,1063,705.89,1811.34,31.90,30.35,0.58,-1,-1,-1
50,1066,2105.73,808.16,53.43,49.58,0.25,-1,-1,-1
50,1056,2344.16,5.70,104.40,94.98,0.66,-1,-1,-1
50,1068,2194.10,762.82,31.26,48.12,0.64,-1,-1,-1
50,966,2205.71,1141.12,59.22,56.70,0.70,-1,-1,-1
51,919,2654.78,128.25,118.24,55.47,0.89,-1,-1,-1
51,946,2935.45,531.93,71.72,100.32,0.92,-1,-1,-1
51,1063,705.72,1812.57,31.09,29.57,0.61,-1,-1,-1
51,1056,2344.77,6.88,101.19,91.12,0.44,-1,-1,-1
51,1069,1937.75,699.94,84.44,87.33,0.90,-1,-1,-1
51,966,2202.07,1140.29,63.70,59.42,0.26,-1,-1,-1
52,919,2647.34,131.46,116.98,54.85,0.90,-1,-1,-1
52,946,2934.32,532.24,72.97,95.62,0.86,-1,-1,-1
52,1063,705.26,1815.57,29.76,28.28,0.85,-1,-1,-1
52,1056,2334.77,34.74,68.57,62.47,0.60,-1,-1,-1
52,1069,1946.67,702.50,78.89,81.24,0.91,-1,-1,-1
52,966,2204.59,1138.86,68.39,65.17,0.38,-1,-1,-1
53,919,2634.41,139.03,115.41,54.00,0.89,-1,-1,-1
53,946,2930.58,531.21,74.68,91.27,0.92,-1,-1,-1
53,1063,703.70,1818.40,29.23,27.81,0.34,-1,-1,-1
53,1056,2345.80,40.12,61.26,55.77,0.15,-1,-1,-1
53,1069,1954.68,705.85,74.00,75.45,0.91,-1,-1,-1
53,966,2207.63,1148.55,65.96,62.03,0.69,-1,-1,-1
54,919,2625.12,145.01,115.67,53.96,0.89,-1,-1,-1
54,946,2930.36,532.82,74.39,83.91,0.94,-1,-1,-1
54,1063,703.93,1820.10,28.77,27.45,0.34,-1,-1,-1
54,1056,2342.02,39.33,65.53,59.41,0.29,-1,-1,-1
54,1069,1954.52,704.51,75.36,76.08,0.91,-1,-1,-1
54,966,2209.88,1147.54,71.98,67.93,0.69,-1,-1,-1
54,1066,2085.29,815.44,61.36,57.66,0.56,-1,-1,-1
55,919,2617.41,148.09,114.96,53.61,0.91,-1,-1,-1
55,946,2926.62,534.39,75.44,78.90,0.89,-1,-1,-1
55,1063,702.63,1818.13,30.39,29.20,0.43,-1,-1,-1
55,1056,2349.50,45.66,53.58,49.60,0.20,-1,-1,-1
55,1069,1951.83,703.10,76.52,76.49,0.91,-1,-1,-1
55,966,2209.30,1146.74,74.97,71.57,0.85,-1,-1,-1
56,919,2594.72,153.41,118.05,55.17,0.89,-1,-1,-1
56,946,2907.77,543.25,73.67,70.45,0.92,-1,-1,-1
56,1069,1930.33,704.37,79.65,79.07,0.90,-1,-1,-1
56,966,2195.04,1158.12,70.23,65.20,0.86,-1,-1,-1
57,919,2568.99,160.42,120.91,56.93,0.91,-1,-1,-1
57,946,2882.80,551.53,75.44,66.66,0.91,-1,-1,-1
57,1069,1906.38,708.20,82.05,81.02,0.92,-1,-1,-1
57,966,2175.35,1167.41,69.82,62.79,0.66,-1,-1,-1
58,919,2539.74,170.01,120.45,56.92,0.90,-1,-1,-1
58,946,2853.67,561.69,77.43,63.40,0.91,-1,-1,-1
58,1069,1877.58,715.21,83.05,81.52,0.56,-1,-1,-1
58,966,2149.40,1170.85,77.75,68.86,0.85,-1,-1,-1
59,919,2508.41,178.83,122.37,58.11,0.83,-1,-1,-1
59,946,2822.68,570.79,81.40,62.37,0.90,-1,-1,-1
59,1069,1848.60,722.10,84.71,82.92,0.83,-1,-1,-1
59,966,2125.95,1180.91,78.57,67.33,0.89,-1,-1,-1
59,1080,1842.27,724.50,91.37,81.66,0.57,-1,-1,-1
60,919,2472.31,192.23,119.55,57.02,0.89,-1,-1,-1
60,946,2785.58,585.12,82.40,58.86,0.92,-1,-1,-1
60,1069,1812.92,733.19,85.36,83.27,0.76,-1,-1,-1
60,966,2095.29,1198.85,75.88,61.40,0.79,-1,-1,-1
61,919,2431.03,208.22,118.41,56.53,0.90,-1,-1,-1
61,946,2743.49,602.23,84.11,56.29,0.89,-1,-1,-1
61,1069,1771.66,746.36,86.57,84.26,0.71,-1,-1,-1
61,966,2057.19,1217.31,75.95,58.30,0.69,-1,-1,-1
63,1095,232.84,1867.46,81.60,65.70,0.70,-1,-1,-1
63,1096,1028.10,0.42,226.55,49.04,0.91,-1,-1,-1
63,929,2319.85,289.41,68.66,55.79,0.89,-1,-1,-1
64,1096,975.36,18.84,269.61,58.92,0.91,-1,-1,-1
66,1044,2186.22,94.80,80.24,67.15,0.83,-1,-1,-1
70,1066,1992.37,855.61,62.25,45.50,0.81,-1,-1,-1
73,966,1909.22,1266.46,95.36,77.51,0.59,-1,-1,-1
74,966,1895.75,1302.75,74.36,63.85,0.59,-1,-1,-1
75,1066,1924.88,882.36,104.45,73.46,0.71,-1,-1,-1
76,1066,1938.14,893.16,88.32,68.26,0.53,-1,-1,-1
76,966,1859.08,1320.01,66.74,47.30,0.89,-1,-1,-1
77,1219,1835.98,960.89,189.37,118.10,0.55,-1,-1,-1
79,966,1842.03,1345.11,107.04,74.46,0.83,-1,-1,-1
81,1246,2380.20,1231.62,88.40,95.71,0.91,-1,-1,-1
81,1247,3027.02,1047.67,91.77,84.45,0.92,-1,-1,-1
81,1248,2247.08,545.71,122.08,73.95,0.87,-1,-1,-1
81,1249,2303.09,1277.96,61.15,86.90,0.51,-1,-1,-1
82,1246,2359.43,1241.39,90.60,98.18,0.88,-1,-1,-1
82,1247,3003.92,1056.27,92.05,84.69,0.92,-1,-1,-1
82,1248,2226.79,555.04,121.09,73.32,0.84,-1,-1,-1
82,1249,2301.51,1293.81,43.84,60.86,0.54,-1,-1,-1
82,1255,1929.82,1199.64,130.53,73.60,0.65,-1,-1,-1
82,1256,2247.18,1253.40,67.93,103.13,0.64,-1,-1,-1
82,1257,2521.55,582.96,68.91,67.19,0.75,-1,-1,-1
83,1246,2341.46,1251.05,92.30,100.36,0.87,-1,-1,-1
83,1247,2980.38,1063.99,91.31,83.99,0.93,-1,-1,-1
83,1248,2206.04,563.21,123.65,74.89,0.90,-1,-1,-1
83,1255,1919.24,1205.75,123.58,69.62,0.86,-1,-1,-1
83,1256,2233.61,1255.14,79.30,120.17,0.62,-1,-1,-1
83,1257,2505.12,590.77,70.34,68.42,0.56,-1,-1,-1
83,1259,3092.44,422.40,43.56,87.61,0.84,-1,-1,-1
83,1260,2852.47,1021.45,37.50,36.25,0.52,-1,-1,-1
83,1262,3001.27,2129.40,98.47,29.59,0.67,-1,-1,-1
84,1246,2331.88,1259.45,92.24,100.79,0.90,-1,-1,-1
84,1247,2965.82,1069.81,88.47,81.17,0.90,-1,-1,-1
84,1248,2193.86,569.11,124.21,75.26,0.80,-1,-1,-1
84,1255,1907.61,1206.33,125.83,70.80,0.62,-1,-1,-1
84,1256,2221.86,1256.21,83.38,126.04,0.89,-1,-1,-1
84,1257,2489.77,600.21,70.30,68.31,0.71,-1,-1,-1
84,1259,3079.35,425.30,44.23,88.21,0.85,-1,-1,-1
84,1260,2843.46,1020.98,39.84,38.53,0.71,-1,-1,-1
84,1262,2994.93,2131.14,92.64,27.76,0.81,-1,-1,-1
85,1246,2325.47,1261.91,96.00,105.66,0.87,-1,-1,-1
85,1247,2958.09,1073.72,86.41,78.83,0.91,-1,-1,-1
85,1248,2187.60,572.35,124.16,75.32,0.77,-1,-1,-1
85,1255,1903.41,1208.40,119.85,67.16,0.48,-1,-1,-1
85,1256,2213.03,1257.87,84.82,127.78,0.58,-1,-1,-1
85,1257,2483.95,598.88,74.57,72.60,0.80,-1,-1,-1
85,1259,3069.24,426.19,45.31,88.08,0.87,-1,-1,-1
85,1260,2838.18,1023.34,38.02,36.42,0.56,-1,-1,-1
85,1262,2994.19,2133.92,83.62,24.93,0.84,-1,-1,-1
86,1246,2327.54,1268.85,93.74,103.98,0.90,-1,-1,-1
86,1247,2952.99,1074.92,85.81,77.83,0.90,-1,-1,-1
86,1248,2184.88,573.18,124.87,75.85,0.79,-1,-1,-1
86,1255,1904.39,1211.84,111.63,61.96,0.76,-1,-1,-1
86,1256,2208.28,1260.06,84.34,126.37,0.87,-1,-1,-1
86,1257,2480.96,600.36,71.55,69.69,0.74,-1,-1,-1
86,1259,3064.09,429.59,44.55,83.81,0.87,-1,-1,-1
86,1260,2837.18,1023.71,37.36,35.16,0.70,-1,-1,-1
86,1262,2995.15,2135.41,78.66,23.28,0.85,-1,-1,-1
86,1264,2461.73,1317.87,44.08,91.59,0.54,-1,-1,-1
87,1246,2332.38,1274.21,91.27,102.02,0.91,-1,-1,-1
87,1247,2950.52,1074.44,86.14,77.63,0.88,-1,-1,-1
87,1248,2184.30,573.18,125.80,76.59,0.84,-1,-1,-1
87,1255,1894.72,1211.72,130.85,72.80,0.51,-1,-1,-1
87,1256,2208.03,1261.09,84.24,126.18,0.86,-1,-1,-1
87,1257,2478.25,600.34,72.00,69.97,0.73,-1,-1,-1
87,1259,3065.32,431.26,41.90,78.16,0.63,-1,-1,-1
87,1260,2838.41,1023.37,36.45,33.46,0.78,-1,-1,-1
87,1262,2991.94,2134.64,81.68,24.03,0.85,-1,-1,-1
87,1264,2462.67,1318.07,44.87,92.77,0.63,-1,-1,-1
88,1246,2336.82,1278.12,89.01,100.18,0.93,-1,-1,-1
88,1247,2947.03,1074.58,86.17,76.99,0.92,-1,-1,-1
88,1248,2183.98,572.72,127.87,78.20,0.85,-1,-1,-1
88,1255,1900.79,1211.93,116.29,63.62,0.83,-1,-1,-1
88,1256,2204.33,1260.39,84.15,125.21,0.69,-1,-1,-1
88,1257,2479.98,603.86,72.58,70.38,0.83,-1,-1,-1
88,1259,3062.99,429.89,41.43,76.05,0.82,-1,-1,-1
88,1260,2840.62,1021.29,37.61,34.02,0.66,-1,-1,-1
88,1262,2986.42,2133.83,85.43,24.94,0.82,-1,-1,-1
88,1264,2460.48,1314.62,46.07,95.44,0.26,-1,-1,-1
89,1246,2341.03,1280.83,87.33,98.79,0.92,-1,-1,-1
89,1247,2944.29,1075.78,84.92,75.00,0.84,-1,-1,-1
89,1248,2184.72,573.29,128.86,79.21,0.91,-1,-1,-1
89,1255,1903.85,1209.77,114.79,62.14,0.78,-1,-1,-1
89,1256,2204.15,1259.73,84.42,124.64,0.68,-1,-1,-1
89,1257,2482.17,610.55,63.96,61.08,0.81,-1,-1,-1
89,1259,3059.89,428.06,41.17,73.15,0.68,-1,-1,-1
89,1260,2842.40,1018.25,37.83,33.76,0.46,-1,-1,-1
89,1262,2980.98,2133.32,88.46,25.56,0.13,-1,-1,-1
89,1264,2469.45,1322.81,42.18,86.20,0.20,-1,-1,-1
89,1265,2570.55,476.37,35.72,26.07,0.54,-1,-1,-1
89,1266,2624.15,478.20,56.43,34.10,0.63,-1,-1,-1
90,1246,2344.03,1281.71,87.61,99.48,0.83,-1,-1,-1
90,1247,2942.72,1079.23,81.45,70.40,0.86,-1,-1,-1
90,1248,2186.14,573.90,130.15,80.55,0.90,-1,-1,-1
90,1255,1904.17,1204.97,115.90,62.11,0.78,-1,-1,-1
90,1256,2208.29,1258.54,83.28,123.29,0.72,-1,-1,-1
90,1257,2482.91,619.91,56.63,52.67,0.44,-1,-1,-1
90,1259,3059.09,424.91,42.41,75.85,0.85,-1,-1,-1
90,1260,2843.62,1014.48,39.04,34.47,0.56,-1,-1,-1
90,1262,2974.89,2132.23,92.83,26.57,0.11,-1,-1,-1
90,1265,2573.38,476.87,35.61,26.04,0.59,-1,-1,-1
90,1266,2611.72,483.41,63.10,38.43,0.56,-1,-1,-1
91,1246,2347.88,1284.50,86.74,98.71,0.91,-1,-1,-1
91,1247,2941.89,1081.71,79.78,67.34,0.51,-1,-1,-1
91,1248,2188.36,574.41,130.35,81.30,0.93,-1,-1,-1
91,1255,1900.30,1194.15,128.73,69.22,0.64,-1,-1,-1
91,1256,2211.06,1257.08,82.96,123.73,0.88,-1,-1,-1
91,1257,2487.36,623.88,50.26,45.18,0.46,-1,-1,-1
91,1259,3059.53,419.43,44.26,79.70,0.24,-1,-1,-1
91,1260,2847.10,1010.11,39.92,34.91,0.81,-1,-1,-1
91,1262,2969.37,2131.25,97.97,27.80,0.19,-1,-1,-1
91,1265,2569.01,484.42,26.96,19.53,0.56,-1,-1,-1
91,1266,2594.70,479.96,81.21,50.29,0.59,-1,-1,-1
91,1264,2425.29,1254.31,82.74,163.81,0.62,-1,-1,-1
92,1246,2350.39,1286.04,87.44,99.85,0.87,-1,-1,-1
92,1247,2939.43,1082.40,80.25,65.89,0.74,-1,-1,-1
92,1248,2190.22,573.93,130.89,82.36,0.94,-1,-1,-1
92,1255,1903.39,1194.92,126.06,67.58,0.61,-1,-1,-1
92,1256,2212.74,1257.41,81.44,122.23,0.70,-1,-1,-1
92,1257,2487.48,624.23,46.76,39.84,0.54,-1,-1,-1
92,1259,3061.95,415.27,45.58,83.48,0.61,-1,-1,-1
92,1260,2847.88,1006.05,42.27,36.90,0.26,-1,-1,-1
92,1265,2572.45,486.85,23.80,16.96,0.20,-1,-1,-1
92,1270,2931.87,1081.50,100.66,65.89,0.65,-1,-1,-1
92,1272,2250.79,1304.02,68.06,57.68,0.59,-1,-1,-1
92,1264,2417.74,1240.67,93.61,181.58,0.57,-1,-1,-1
93,1246,2355.43,1293.11,86.71,99.49,0.89,-1,-1,-1
93,1248,2191.32,571.73,132.59,84.49,0.92,-1,-1,-1
93,1255,1913.45,1198.82,110.45,57.67,0.83,-1,-1,-1
93,1256,2212.17,1254.71,81.48,123.39,0.83,-1,-1,-1
93,1257,2491.76,623.20,43.58,36.17,0.46,-1,-1,-1
93,1259,3061.70,410.87,45.75,84.38,0.81,-1,-1,-1
93,1260,2852.79,1000.52,43.02,37.23,0.78,-1,-1,-1
93,1270,2932.44,1081.72,97.04,63.42,0.85,-1,-1,-1
93,1272,2237.06,1300.97,80.86,68.90,0.52,-1,-1,-1
93,1264,2413.15,1232.81,102.28,193.01,0.63,-1,-1,-1
93,1274,3036.83,932.03,28.10,29.42,0.67,-1,-1,-1
94,1246,2359.63,1298.64,85.31,98.25,0.92,-1,-1,-1
94,1248,2192.12,569.66,133.24,86.10,0.91,-1,-1,-1
94,1255,1910.85,1188.12,120.36,62.59,0.87,-1,-1,-1
94,1256,2211.04,1251.34,82.87,126.53,0.88,-1,-1,-1
94,1259,3061.67,408.01,46.07,85.08,0.73,-1,-1,-1
94,1260,2855.89,996.56,41.67,35.80,0.81,-1,-1,-1
94,1270,2932.27,1081.36,94.17,61.34,0.88,-1,-1,-1
94,1272,2239.25,1294.67,77.01,66.02,0.59,-1,-1,-1
94,1264,2395.17,1226.06,115.23,206.70,0.33,-1,-1,-1
94,1274,3035.91,930.38,27.82,28.97,0.53,-1,-1,-1
94,1275,2962.86,922.58,46.11,32.92,0.67,-1,-1,-1
94,1276,2808.44,893.67,44.73,42.89,0.74,-1,-1,-1
94,1266,2553.59,483.50,124.21,78.51,0.54,-1,-1,-1
95,1246,2358.23,1295.37,91.31,105.99,0.88,-1,-1,-1
95,1248,2192.68,567.19,133.94,87.81,0.90,-1,-1,-1
95,1255,1916.84,1186.35,113.55,57.86,0.59,-1,-1,-1
95,1256,2207.66,1250.71,83.03,124.83,0.79,-1,-1,-1
95,1259,3064.93,404.46,45.97,85.88,0.78,-1,-1,-1
95,1260,2858.03,992.65,40.97,35.32,0.78,-1,-1,-1
95,1270,2932.86,1081.74,92.09,59.64,0.93,-1,-1,-1
95,1272,2241.39,1295.22,77.80,67.55,0.38,-1,-1,-1
95,1264,2439.10,1268.07,88.43,159.21,0.70,-1,-1,-1
95,1274,3035.01,928.02,27.43,28.22,0.57,-1,-1,-1
95,1275,2960.21,919.93,48.25,34.30,0.49,-1,-1,-1
95,1276,2812.82,894.21,39.59,38.05,0.61,-1,-1,-1
95,1266,2548.90,480.36,127.95,82.75,0.77,-1,-1,-1
96,1246,2362.71,1305.72,87.87,102.58,0.88,-1,-1,-1
96,1248,2194.29,569.82,132.92,88.25,0.90,-1,-1,-1
96,1255,1917.15,1184.06,117.04,58.86,0.83,-1,-1,-1
96,1256,2209.89,1253.13,81.36,123.20,0.76,-1,-1,-1
96,1259,3063.88,401.93,47.61,90.31,0.14,-1,-1,-1
96,1260,2853.79,993.80,46.26,38.84,0.73,-1,-1,-1
96,1270,2932.46,1087.78,88.49,56.74,0.92,-1,-1,-1
96,1264,2461.97,1295.83,73.90,133.19,0.62,-1,-1,-1
96,1274,3034.34,928.73,27.44,27.89,0.66,-1,-1,-1
96,1275,2950.09,923.61,49.73,35.37,0.83,-1,-1,-1
96,1276,2815.09,902.63,28.91,27.67,0.56,-1,-1,-1
96,1266,2543.59,482.72,130.65,86.97,0.65,-1,-1,-1
96,1262,2967.88,2125.31,114.87,33.45,0.73,-1,-1,-1
97,1246,2362.34,1322.49,85.69,100.86,0.92,-1,-1,-1
97,1248,2191.03,579.33,130.92,87.90,0.79,-1,-1,-1
97,1255,1914.41,1191.03,116.55,57.65,0.86,-1,-1,-1
97,1256,2208.20,1263.13,79.88,121.15,0.76,-1,-1,-1
97,1259,3059.02,409.91,46.82,90.02,0.87,-1,-1,-1
97,1260,2856.94,1000.52,45.01,37.84,0.76,-1,-1,-1
97,1270,2927.19,1100.16,78.49,49.61,0.27,-1,-1,-1
97,1264,2448.90,1255.52,103.19,191.72,0.55,-1,-1,-1
97,1275,2941.60,933.40,50.83,35.66,0.74,-1,-1,-1
97,1276,2809.87,912.99,33.64,31.75,0.67,-1,-1,-1
97,1266,2535.85,490.84,126.28,86.61,0.70,-1,-1,-1
97,1262,2984.81,2134.11,85.97,24.67,0.82,-1,-1,-1
97,1247,2931.03,1102.79,71.29,54.67,0.82,-1,-1,-1
98,1246,2340.92,1359.10,86.48,102.57,0.90,-1,-1,-1
98,1248,2166.59,608.06,131.49,89.56,0.89,-1,-1,-1
98,1255,1888.28,1214.42,116.43,56.78,0.82,-1,-1,-1
98,1256,2179.49,1292.62,81.99,122.61,0.51,-1,-1,-1
98,1266,2506.14,519.66,127.96,90.91,0.56,-1,-1,-1
98,1247,2899.90,1132.47,76.10,55.39,0.90,-1,-1,-1
99,1248,2122.49,648.13,131.33,90.75,0.51,-1,-1,-1
99,1256,2139.09,1344.19,77.62,110.05,0.53,-1,-1,-1
99,1260,2836.72,1011.09,49.37,40.11,0.61,-1,-1,-1
100,1248,2078.94,680.07,131.23,91.93,0.80,-1,-1,-1
101,1248,2032.44,708.42,130.47,92.77,0.89,-1,-1,-1
103,1264,2480.80,1287.43,55.97,96.80,0.62,-1,-1,-1
103,1248,2035.85,721.83,145.61,111.18,0.62,-1,-1,-1
104,1327,1975.72,1599.31,140.69,100.16,0.58,-1,-1,-1
104,1248,2006.62,722.97,149.14,119.51,0.73,-1,-1,-1
104,1266,2504.79,610.37,116.70,86.62,0.68,-1,-1,-1
105,1328,1906.60,1628.43,58.64,91.90,0.51,-1,-1,-1
105,966,1571.39,1509.91,147.36,124.30,0.80,-1,-1,-1
106,1328,1877.23,1636.46,56.45,87.87,0.72,-1,-1,-1
106,1337,1577.85,835.63,108.74,98.49,0.77,-1,-1,-1
106,1340,1578.61,835.50,107.89,98.52,0.63,-1,-1,-1
106,966,1546.30,1518.83,129.18,124.45,0.89,-1,-1,-1
107,1337,1544.96,843.09,110.21,99.91,0.61,-1,-1,-1
107,1340,1545.41,843.32,109.28,99.87,0.75,-1,-1,-1
107,966,1518.80,1527.26,116.03,123.86,0.78,-1,-1,-1
107,1343,1737.74,1651.67,72.63,105.85,0.91,-1,-1,-1
107,1344,1246.18,1425.43,130.25,54.83,0.84,-1,-1,-1
107,1345,2200.31,1382.83,117.08,36.44,0.74,-1,-1,-1
108,1340,1499.32,847.64,110.95,101.50,0.70,-1,-1,-1
108,966,1479.44,1531.23,108.63,124.35,0.59,-1,-1,-1
108,1343,1702.83,1659.54,69.77,101.38,0.80,-1,-1,-1
108,1344,1204.73,1423.62,137.33,57.87,0.83,-1,-1,-1
108,1345,2149.73,1387.05,119.51,37.25,0.89,-1,-1,-1
109,1340,1474.02,848.48,111.84,102.66,0.82,-1,-1,-1
109,966,1448.67,1537.22,106.02,121.43,0.53,-1,-1,-1
109,1343,1682.62,1662.74,67.83,97.95,0.89,-1,-1,-1
109,1344,1184.39,1425.30,133.41,56.24,0.81,-1,-1,-1
109,1345,2119.87,1387.05,122.07,38.19,0.76,-1,-1,-1
110,1340,1458.75,847.91,112.40,103.51,0.75,-1,-1,-1
110,966,1432.12,1545.08,96.55,108.67,0.72,-1,-1,-1
110,1343,1671.84,1664.43,66.66,95.23,0.65,-1,-1,-1
110,1344,1166.12,1421.00,140.71,59.50,0.89,-1,-1,-1
110,1345,2113.31,1387.38,116.65,36.94,0.70,-1,-1,-1
110,1351,2022.33,587.24,39.40,33.17,0.75,-1,-1,-1
110,1354,1738.86,763.61,140.83,155.20,0.82,-1,-1,-1
110,1337,1465.28,847.25,113.81,103.61,0.52,-1,-1,-1
111,1340,1450.35,847.64,112.73,104.09,0.70,-1,-1,-1
111,966,1422.18,1537.97,103.20,117.17,0.57,-1,-1,-1
111,1343,1667.61,1667.45,66.44,93.70,0.56,-1,-1,-1
111,1344,1159.54,1419.38,139.11,58.97,0.89,-1,-1,-1
111,1345,2093.05,1387.51,118.71,37.68,0.78,-1,-1,-1
111,1351,2014.94,589.31,42.55,35.82,0.79,-1,-1,-1
111,1354,1732.98,765.66,139.18,153.34,0.54,-1,-1,-1
111,1355,1457.37,1526.88,69.93,125.47,0.64,-1,-1,-1
111,1356,1662.56,1663.83,85.01,97.34,0.73,-1,-1,-1
111,1357,2089.34,1328.45,148.15,126.60,0.53,-1,-1,-1
111,1337,1451.91,847.31,113.73,103.78,0.63,-1,-1,-1
