1,1591,1657.98,1095.10,73.68,45.73,0.91,-1,-1,-1
1,1592,1612.72,1028.30,65.89,37.18,0.88,-1,-1,-1
1,1593,1708.12,1108.27,19.11,23.49,0.74,-1,-1,-1
1,1594,28.40,626.76,143.60,54.34,0.67,-1,-1,-1
1,1595,1626.91,1009.21,35.31,39.20,0.67,-1,-1,-1
2,1591,1670.09,1089.18,73.01,45.30,0.88,-1,-1,-1
2,1592,1628.91,1021.71,62.44,35.21,0.69,-1,-1,-1
2,1593,1720.57,1102.34,19.54,23.94,0.57,-1,-1,-1
2,1595,1640.24,1014.42,32.22,35.24,0.52,-1,-1,-1
3,1591,1656.90,1081.33,75.65,47.06,0.88,-1,-1,-1
3,1592,1620.00,1013.86,63.89,36.02,0.86,-1,-1,-1
4,1591,1644.30,1071.44,75.02,46.86,0.91,-1,-1,-1
4,1592,1607.60,1004.13,71.33,40.48,0.81,-1,-1,-1
5,1591,1634.93,1063.37,71.90,45.03,0.89,-1,-1,-1
5,1592,1603.91,1001.60,68.61,39.11,0.87,-1,-1,-1
5,1599,830.51,737.66,43.61,20.50,0.81,-1,-1,-1
6,1591,1614.19,1034.45,69.38,43.68,0.90,-1,-1,-1
6,1592,1608.61,984.50,63.91,36.34,0.87,-1,-1,-1
6,1595,1656.49,1039.16,19.76,21.80,0.72,-1,-1,-1
9,1606,1546.31,802.39,60.26,46.70,0.90,-1,-1,-1
10,1606,1541.68,827.36,63.38,49.11,0.88,-1,-1,-1
11,1606,1533.69,859.58,68.07,52.85,0.86,-1,-1,-1
12,1606,1525.18,894.63,72.18,56.26,0.92,-1,-1,-1
13,1606,1511.79,936.11,77.50,60.62,0.91,-1,-1,-1
13,1591,1549.64,967.79,41.27,27.29,0.76,-1,-1,-1
14,1606,1496.00,980.35,81.70,64.21,0.90,-1,-1,-1
15,1606,1475.99,1015.74,88.70,70.46,0.90,-1,-1,-1
15,1634,290.73,510.67,136.45,60.01,0.74,-1,-1,-1
16,1606,1454.15,1041.55,90.00,72.12,0.91,-1,-1,-1
16,1634,267.23,520.99,141.41,62.18,0.72,-1,-1,-1
17,1606,1428.50,1055.27,89.78,72.43,0.90,-1,-1,-1
17,1634,245.44,528.83,145.07,63.81,0.74,-1,-1,-1
17,1642,1623.77,1114.64,127.40,38.81,0.83,-1,-1,-1
18,1606,1400.94,1053.84,90.62,74.09,0.90,-1,-1,-1
18,1634,230.18,529.83,145.38,63.94,0.82,-1,-1,-1
18,1642,1613.32,1118.37,122.31,37.13,0.81,-1,-1,-1
18,1647,1637.48,1109.39,24.59,29.71,0.73,-1,-1,-1
21,1592,1611.00,843.57,83.03,41.11,0.85,-1,-1,-1
24,1677,1261.92,498.28,62.57,68.69,0.86,-1,-1,-1
24,1678,107.18,0.60,117.21,52.56,0.55,-1,-1,-1
24,1679,1612.83,691.80,176.35,57.90,0.88,-1,-1,-1
25,1677,1245.59,508.35,68.15,74.87,0.86,-1,-1,-1
25,1678,78.79,0.31,107.52,47.59,0.63,-1,-1,-1
25,1679,1619.91,716.49,135.32,44.83,0.68,-1,-1,-1
26,1677,1227.66,541.12,71.72,78.98,0.87,-1,-1,-1
26,1678,23.42,0.26,141.32,62.24,0.73,-1,-1,-1
26,1592,1647.78,792.10,91.37,47.38,0.54,-1,-1,-1
27,1677,1205.96,591.70,73.23,80.80,0.92,-1,-1,-1
29,1695,1635.65,1044.79,171.60,133.38,0.91,-1,-1,-1
29,1697,1127.55,706.58,69.18,93.19,0.77,-1,-1,-1
30,1695,1611.34,1063.31,174.59,136.61,0.86,-1,-1,-1
30,1697,1102.65,709.35,67.56,90.66,0.89,-1,-1,-1
30,1699,1092.19,297.96,112.14,32.79,0.78,-1,-1,-1
31,1695,1588.70,1066.62,176.48,140.12,0.85,-1,-1,-1
31,1697,1069.19,701.81,69.43,92.97,0.74,-1,-1,-1
31,1699,1076.64,295.64,119.12,34.91,0.81,-1,-1,-1
31,1647,1647.40,1091.91,39.69,48.34,0.69,-1,-1,-1
32,1695,1566.78,1064.60,174.38,141.70,0.90,-1,-1,-1
32,1697,1043.94,689.56,69.51,92.83,0.90,-1,-1,-1
32,1699,1081.83,299.79,97.72,28.71,0.71,-1,-1,-1
32,1704,1031.94,279.65,29.96,25.06,0.76,-1,-1,-1
33,1695,1552.69,1062.44,168.20,140.64,0.87,-1,-1,-1
33,1697,1022.46,678.87,67.18,89.32,0.87,-1,-1,-1
33,1699,1056.66,291.62,119.83,35.42,0.74,-1,-1,-1
33,1704,1024.83,277.89,31.31,26.25,0.67,-1,-1,-1
33,1706,55.38,83.62,22.49,37.97,0.77,-1,-1,-1
33,1647,1626.49,1086.79,40.16,49.24,0.64,-1,-1,-1
34,1695,1544.81,1058.13,162.47,138.76,0.82,-1,-1,-1
34,1697,1009.67,666.85,65.60,86.59,0.93,-1,-1,-1
34,1699,1067.42,297.11,98.37,29.10,0.64,-1,-1,-1
34,1704,1024.85,276.64,23.84,19.84,0.39,-1,-1,-1
34,1706,53.97,82.54,21.93,37.04,0.66,-1,-1,-1
34,1707,2530.89,178.56,58.99,23.36,0.54,-1,-1,-1
35,1695,1544.49,1055.59,160.62,140.37,0.87,-1,-1,-1
35,1697,1000.85,656.32,64.85,85.41,0.85,-1,-1,-1
35,1699,1072.09,298.89,93.44,27.78,0.56,-1,-1,-1
35,1704,1023.18,276.85,25.94,21.58,0.40,-1,-1,-1
35,1706,53.53,81.00,22.08,37.37,0.81,-1,-1,-1
35,1707,2528.97,180.44,60.89,24.10,0.67,-1,-1,-1
35,1710,1037.21,697.74,31.98,41.56,0.62,-1,-1,-1
36,1695,1537.44,1065.28,154.44,139.03,0.83,-1,-1,-1
36,1697,987.39,652.20,64.44,84.45,0.86,-1,-1,-1
36,1704,1020.61,285.30,29.23,24.46,0.71,-1,-1,-1
36,1706,48.65,87.59,22.16,37.65,0.81,-1,-1,-1
36,1647,1614.89,1092.49,39.19,48.23,0.64,-1,-1,-1
37,1695,1539.32,1052.26,156.62,146.59,0.82,-1,-1,-1
37,1697,975.91,639.37,66.74,87.27,0.90,-1,-1,-1
37,1706,42.73,81.22,22.62,38.55,0.69,-1,-1,-1
37,1647,1609.13,1085.70,46.28,58.58,0.34,-1,-1,-1
37,1699,1054.98,296.85,111.60,33.36,0.78,-1,-1,-1
38,1695,1553.71,1077.69,143.71,138.77,0.85,-1,-1,-1
38,1697,966.85,639.20,66.64,86.74,0.90,-1,-1,-1
38,1706,32.39,80.90,22.89,39.15,0.75,-1,-1,-1
38,1647,1597.84,1099.08,58.36,72.45,0.56,-1,-1,-1
38,1699,1047.54,299.22,120.64,36.41,0.23,-1,-1,-1
38,1707,2547.07,189.98,62.70,24.80,0.71,-1,-1,-1
38,1704,1015.61,286.78,31.02,26.11,0.72,-1,-1,-1
41,1718,903.30,762.60,72.41,99.02,0.85,-1,-1,-1
41,1719,1656.21,1360.77,84.81,159.09,0.84,-1,-1,-1
42,1718,879.03,766.45,71.74,98.00,0.92,-1,-1,-1
42,1719,1658.78,1379.88,78.40,146.74,0.14,-1,-1,-1
42,1720,1045.80,414.06,83.28,30.25,0.59,-1,-1,-1
43,1718,852.98,758.52,71.64,97.70,0.91,-1,-1,-1
43,1719,1641.67,1381.57,78.64,146.63,0.68,-1,-1,-1
43,1720,1036.96,415.30,73.69,26.69,0.37,-1,-1,-1
44,1718,818.82,738.74,69.62,94.78,0.87,-1,-1,-1
44,1720,1020.75,412.23,77.76,28.01,0.78,-1,-1,-1
45,1718,800.62,724.57,69.39,93.99,0.90,-1,-1,-1
45,1720,1012.50,411.48,84.17,30.17,0.44,-1,-1,-1
45,1719,1598.21,1371.36,86.04,156.70,0.93,-1,-1,-1
46,1719,1647.97,1370.90,89.44,157.13,0.93,-1,-1,-1
48,1726,860.31,69.09,52.44,30.70,0.69,-1,-1,-1
48,1729,677.04,0.48,147.17,81.25,0.84,-1,-1,-1
49,1726,862.02,62.88,52.91,30.90,0.65,-1,-1,-1
49,1729,691.04,0.38,134.84,74.24,0.79,-1,-1,-1
49,1731,1537.12,596.27,56.46,88.58,0.58,-1,-1,-1
49,1732,901.56,24.97,15.46,38.27,0.84,-1,-1,-1
49,1733,896.77,59.49,55.20,32.24,0.82,-1,-1,-1
50,1726,855.09,72.97,55.36,32.24,0.85,-1,-1,-1
50,1729,673.10,0.32,156.92,86.51,0.78,-1,-1,-1
50,1732,895.21,35.61,15.69,38.80,0.85,-1,-1,-1
50,1733,889.92,70.58,57.20,33.44,0.90,-1,-1,-1
51,1726,847.43,88.08,55.41,32.13,0.64,-1,-1,-1
51,1729,652.89,2.98,178.26,98.82,0.73,-1,-1,-1
51,1732,886.98,50.27,16.13,39.83,0.85,-1,-1,-1
51,1733,881.55,86.31,58.15,34.02,0.82,-1,-1,-1
51,1731,1543.54,640.98,59.62,93.55,0.89,-1,-1,-1
52,1726,834.08,107.04,58.36,33.73,0.87,-1,-1,-1
52,1729,634.50,15.62,185.87,103.68,0.90,-1,-1,-1
52,1732,875.44,67.42,16.95,41.87,0.85,-1,-1,-1
52,1733,869.86,105.06,59.78,35.02,0.89,-1,-1,-1
52,1731,1547.16,678.46,61.59,96.39,0.91,-1,-1,-1
53,1726,817.79,130.41,60.27,34.67,0.64,-1,-1,-1
53,1729,613.21,35.90,190.93,107.16,0.87,-1,-1,-1
53,1732,860.31,89.39,17.65,43.66,0.85,-1,-1,-1
53,1733,854.38,128.47,61.44,36.05,0.87,-1,-1,-1
53,1731,1549.87,724.22,66.15,103.89,0.88,-1,-1,-1
54,1726,792.62,145.31,72.86,43.91,0.82,-1,-1,-1
54,1729,567.73,77.20,199.56,112.80,0.90,-1,-1,-1
55,1726,770.21,165.54,74.40,47.10,0.85,-1,-1,-1
55,1729,531.63,105.20,246.91,140.37,0.71,-1,-1,-1
55,1739,1533.22,888.15,75.29,123.67,0.93,-1,-1,-1
56,1726,745.93,186.66,74.87,50.00,0.85,-1,-1,-1
56,1729,497.74,129.43,230.26,132.33,0.93,-1,-1,-1
56,1739,1519.61,929.09,80.61,132.84,0.92,-1,-1,-1
57,1726,722.52,206.24,73.73,52.01,0.87,-1,-1,-1
57,1729,467.31,151.58,219.84,127.61,0.87,-1,-1,-1
57,1739,1500.77,971.86,83.31,137.88,0.93,-1,-1,-1
58,1726,700.57,223.86,70.41,52.55,0.87,-1,-1,-1
58,1729,438.19,170.09,261.09,152.57,0.73,-1,-1,-1
58,1739,1478.59,1006.26,85.92,142.67,0.91,-1,-1,-1
58,1750,702.47,268.40,77.47,44.22,0.91,-1,-1,-1
60,1756,845.36,132.99,166.99,124.62,0.86,-1,-1,-1
60,1757,1736.35,1010.74,68.73,147.43,0.92,-1,-1,-1
60,1758,1086.70,242.51,59.10,46.30,0.93,-1,-1,-1
60,1759,1041.35,245.19,65.78,43.78,0.92,-1,-1,-1
60,1761,2198.22,826.26,48.73,47.68,0.58,-1,-1,-1
61,1756,836.44,130.80,168.48,125.78,0.83,-1,-1,-1
61,1757,1718.33,991.62,66.81,143.00,0.92,-1,-1,-1
61,1758,1079.92,241.50,58.47,45.79,0.93,-1,-1,-1
61,1759,1033.17,243.17,66.62,44.32,0.88,-1,-1,-1
61,1762,1088.81,198.30,18.94,50.69,0.86,-1,-1,-1
62,1756,831.72,128.50,166.77,124.56,0.78,-1,-1,-1
62,1757,1705.83,967.16,64.99,138.64,0.93,-1,-1,-1
62,1758,1073.28,238.82,59.07,46.25,0.91,-1,-1,-1
62,1759,1027.00,240.95,67.00,44.56,0.91,-1,-1,-1
62,1762,1083.90,195.76,18.88,50.57,0.87,-1,-1,-1
62,1765,969.70,245.97,16.05,48.10,0.72,-1,-1,-1
63,1756,826.31,127.20,166.16,124.12,0.90,-1,-1,-1
63,1757,1693.57,949.73,63.40,135.08,0.85,-1,-1,-1
63,1758,1068.98,237.85,58.56,45.83,0.91,-1,-1,-1
63,1759,1022.44,239.86,66.51,44.23,0.91,-1,-1,-1
63,1762,1079.18,193.65,19.47,52.20,0.87,-1,-1,-1
63,1765,966.74,243.26,16.38,48.85,0.64,-1,-1,-1
64,1756,822.74,126.79,167.09,124.91,0.87,-1,-1,-1
64,1757,1686.06,936.69,63.87,135.26,0.94,-1,-1,-1
64,1758,1065.09,238.00,59.09,46.22,0.92,-1,-1,-1
64,1759,1018.29,239.84,67.15,44.63,0.92,-1,-1,-1
64,1762,1075.50,193.69,19.51,52.36,0.86,-1,-1,-1
64,1765,961.58,243.05,16.58,49.29,0.75,-1,-1,-1
65,1756,817.32,128.37,168.64,126.17,0.93,-1,-1,-1
65,1757,1683.15,932.70,63.48,133.39,0.92,-1,-1,-1
65,1758,1061.68,240.52,59.40,46.47,0.92,-1,-1,-1
65,1759,1015.04,242.86,66.25,43.92,0.91,-1,-1,-1
65,1762,1072.10,196.47,19.59,52.68,0.86,-1,-1,-1
66,1756,811.32,133.18,170.64,127.80,0.92,-1,-1,-1
66,1757,1688.12,937.80,65.07,134.30,0.92,-1,-1,-1
66,1758,1058.06,246.38,60.43,47.31,0.92,-1,-1,-1
66,1759,1010.41,248.38,68.26,45.24,0.90,-1,-1,-1
66,1762,1068.93,201.79,19.71,53.15,0.85,-1,-1,-1
67,1756,795.05,155.56,175.32,131.42,0.90,-1,-1,-1
67,1757,1688.72,980.66,68.74,140.41,0.89,-1,-1,-1
67,1758,1039.34,240.16,64.80,53.17,0.85,-1,-1,-1
67,1699,962.50,285.83,135.22,47.74,0.90,-1,-1,-1
68,1756,776.96,181.12,179.49,134.74,0.92,-1,-1,-1
68,1757,1687.25,1025.25,72.16,146.64,0.90,-1,-1,-1
68,1699,991.17,304.22,126.84,51.12,0.92,-1,-1,-1
68,1759,1011.94,260.58,76.43,53.60,0.87,-1,-1,-1
69,1756,717.96,202.86,182.55,137.12,0.94,-1,-1,-1
69,1757,1649.25,1048.82,73.94,149.46,0.71,-1,-1,-1
69,1704,957.94,328.38,63.71,53.09,0.91,-1,-1,-1
70,1647,1498.38,1035.31,108.43,146.64,0.56,-1,-1,-1
70,1733,670.52,363.20,69.95,47.68,0.72,-1,-1,-1
71,1733,638.69,364.09,75.30,52.00,0.92,-1,-1,-1
72,1758,1001.66,236.15,39.42,30.76,0.55,-1,-1,-1
78,1802,1755.08,146.50,35.16,31.18,0.75,-1,-1,-1
80,1808,1923.85,112.35,28.18,27.06,0.69,-1,-1,-1
80,1809,1749.14,187.66,41.71,32.93,0.83,-1,-1,-1
81,1808,1917.31,123.41,31.10,29.80,0.74,-1,-1,-1
81,1809,1743.87,198.23,38.95,30.84,0.77,-1,-1,-1
82,1808,1916.33,125.22,36.15,34.61,0.76,-1,-1,-1
82,1809,1736.17,203.93,41.67,33.23,0.68,-1,-1,-1
82,1812,1114.51,1069.57,79.16,152.98,0.79,-1,-1,-1
83,1808,1914.74,135.20,32.61,30.98,0.74,-1,-1,-1
83,1809,1728.20,209.76,42.67,34.30,0.71,-1,-1,-1
83,1812,1101.29,1108.89,72.90,140.01,0.87,-1,-1,-1
84,1808,1913.05,140.45,31.64,29.98,0.78,-1,-1,-1
84,1809,1726.37,216.48,41.63,33.55,0.71,-1,-1,-1
84,1812,1077.96,1117.73,85.14,163.82,0.84,-1,-1,-1
85,1808,1915.22,139.81,36.54,34.72,0.74,-1,-1,-1
85,1809,1718.97,210.60,55.41,45.62,0.78,-1,-1,-1
85,1812,1066.99,1151.12,83.58,160.72,0.91,-1,-1,-1
86,1808,1924.54,143.09,38.33,36.58,0.81,-1,-1,-1
86,1809,1725.78,222.46,50.00,41.88,0.70,-1,-1,-1
86,1812,1054.26,1193.60,89.08,171.80,0.92,-1,-1,-1
87,1812,990.80,1243.76,90.65,172.80,0.89,-1,-1,-1
89,1819,803.72,1343.21,88.86,178.85,0.94,-1,-1,-1
89,1820,1414.91,231.54,35.86,36.02,0.79,-1,-1,-1
89,1821,1598.90,139.04,27.96,28.62,0.69,-1,-1,-1
90,1819,799.88,1369.47,79.00,157.88,0.51,-1,-1,-1
90,1820,1417.28,236.24,34.92,35.09,0.81,-1,-1,-1
90,1821,1601.49,136.33,32.99,33.83,0.66,-1,-1,-1
90,1823,816.33,1392.48,60.69,79.76,0.76,-1,-1,-1
91,1819,791.10,1417.54,54.96,110.77,0.68,-1,-1,-1
91,1820,1421.77,246.48,30.88,30.96,0.63,-1,-1,-1
91,1821,1605.94,134.29,38.95,40.16,0.59,-1,-1,-1
91,1823,816.82,1414.49,61.25,81.03,0.79,-1,-1,-1
92,1819,823.53,1467.65,34.34,62.47,0.77,-1,-1,-1
92,1820,1417.30,236.81,46.64,47.40,0.55,-1,-1,-1
92,1821,1609.54,130.55,45.15,46.89,0.58,-1,-1,-1
92,1823,818.36,1450.02,54.39,72.06,0.78,-1,-1,-1
93,1820,1418.20,242.61,46.46,47.56,0.77,-1,-1,-1
93,1821,1612.94,136.26,42.24,44.37,0.61,-1,-1,-1
93,1823,822.29,1481.72,38.09,48.81,0.20,-1,-1,-1
94,1820,1417.01,245.78,48.59,50.45,0.81,-1,-1,-1
94,1821,1613.44,142.62,39.16,41.38,0.64,-1,-1,-1
95,1820,1418.55,255.81,43.82,45.78,0.73,-1,-1,-1
95,1821,1614.80,149.32,36.07,38.01,0.77,-1,-1,-1
96,1820,1420.10,263.86,38.16,40.10,0.75,-1,-1,-1
96,1821,1616.84,150.28,35.09,37.16,0.79,-1,-1,-1
97,1820,1419.69,272.12,36.83,38.80,0.65,-1,-1,-1
97,1821,1622.30,153.63,34.78,36.54,0.60,-1,-1,-1
98,1820,1414.33,280.66,46.00,49.11,0.75,-1,-1,-1
98,1821,1625.35,163.98,38.16,40.19,0.55,-1,-1,-1
99,1820,1420.61,299.72,33.86,36.16,0.69,-1,-1,-1
99,1821,1627.49,178.02,41.76,44.95,0.73,-1,-1,-1
102,1809,1638.63,300.70,49.68,44.42,0.72,-1,-1,-1
108,1844,1390.61,647.03,72.46,79.66,0.91,-1,-1,-1
108,1847,1463.06,46.93,22.09,28.01,0.72,-1,-1,-1
109,1844,1364.72,654.42,76.84,84.59,0.86,-1,-1,-1
109,1847,1451.49,48.07,20.62,25.99,0.75,-1,-1,-1
110,1844,1359.28,677.56,74.94,82.59,0.90,-1,-1,-1
110,1847,1446.41,46.53,21.28,26.56,0.79,-1,-1,-1
110,1852,981.96,1069.77,31.14,61.52,0.77,-1,-1,-1
111,1844,1370.14,703.38,73.59,80.48,0.90,-1,-1,-1
111,1847,1447.31,49.64,19.31,23.60,0.69,-1,-1,-1
111,1852,967.92,1094.09,33.62,66.21,0.77,-1,-1,-1
111,1853,925.09,1121.25,98.29,129.87,0.90,-1,-1,-1
111,1854,1451.15,42.27,13.73,19.09,0.56,-1,-1,-1
112,1844,1367.16,711.21,79.90,87.60,0.90,-1,-1,-1
112,1847,1447.67,49.54,19.58,23.72,0.63,-1,-1,-1
112,1852,953.28,1118.56,35.08,68.15,0.79,-1,-1,-1
112,1853,912.65,1142.63,99.67,131.95,0.89,-1,-1,-1
112,1854,1452.16,44.34,12.88,17.94,0.53,-1,-1,-1
112,1856,2164.89,1287.95,23.70,22.51,0.73,-1,-1,-1
112,1857,935.71,1184.68,37.60,57.35,0.61,-1,-1,-1
113,1844,1373.61,734.68,79.22,87.37,0.91,-1,-1,-1
113,1847,1446.87,47.99,23.73,28.86,0.80,-1,-1,-1
113,1853,890.88,1169.14,108.61,144.57,0.87,-1,-1,-1
113,1857,933.68,1168.89,42.53,64.89,0.59,-1,-1,-1
114,1844,1376.91,750.47,80.05,88.85,0.88,-1,-1,-1
114,1847,1444.46,44.58,28.49,34.76,0.51,-1,-1,-1
114,1853,879.76,1188.12,112.60,151.44,0.91,-1,-1,-1
114,1857,922.78,1171.95,44.90,68.17,0.73,-1,-1,-1
114,1858,913.86,1235.71,36.78,66.68,0.69,-1,-1,-1
114,1854,1446.51,43.27,26.07,36.25,0.62,-1,-1,-1
114,1856,2158.35,1286.37,24.84,23.63,0.57,-1,-1,-1
115,1844,1377.44,758.03,83.86,94.22,0.92,-1,-1,-1
115,1847,1444.95,46.25,27.51,33.52,0.58,-1,-1,-1
115,1853,875.89,1198.34,118.15,160.72,0.87,-1,-1,-1
115,1858,908.07,1250.79,38.79,70.54,0.80,-1,-1,-1
115,1854,1446.43,45.54,26.67,36.85,0.47,-1,-1,-1
115,1856,2155.45,1285.23,24.38,23.28,0.58,-1,-1,-1
116,1844,1378.28,774.82,79.62,90.53,0.92,-1,-1,-1
116,1847,1441.19,50.22,25.73,30.86,0.62,-1,-1,-1
116,1853,857.82,1197.56,127.75,178.50,0.91,-1,-1,-1
116,1858,900.20,1273.19,35.24,64.56,0.66,-1,-1,-1
116,1856,2148.70,1282.63,23.27,22.28,0.67,-1,-1,-1
117,1844,1362.23,785.64,81.44,93.57,0.87,-1,-1,-1
117,1853,839.07,1240.99,111.57,159.06,0.94,-1,-1,-1
118,1844,1327.49,796.13,82.69,97.04,0.88,-1,-1,-1
118,1853,803.40,1281.60,104.30,150.51,0.78,-1,-1,-1
119,1853,746.89,1334.19,106.25,156.96,0.85,-1,-1,-1
120,1853,705.61,1375.64,99.24,149.26,0.86,-1,-1,-1
121,1853,682.83,1392.48,94.63,144.08,0.60,-1,-1,-1
121,1874,1221.55,844.91,66.76,106.72,0.83,-1,-1,-1
122,1853,676.26,1446.14,65.05,94.10,0.58,-1,-1,-1
122,1874,1211.28,872.20,66.66,106.12,0.89,-1,-1,-1
122,1879,680.62,1450.76,66.99,77.90,0.78,-1,-1,-1
123,1853,677.43,1493.77,33.62,42.51,0.79,-1,-1,-1
123,1874,1202.31,898.13,69.46,110.08,0.91,-1,-1,-1
123,1882,1241.72,67.19,26.78,35.33,0.65,-1,-1,-1
124,1874,1193.58,935.97,72.90,114.88,0.93,-1,-1,-1
124,1882,1241.50,77.66,22.00,28.74,0.67,-1,-1,-1
125,1874,1175.80,981.31,85.86,135.19,0.90,-1,-1,-1
125,1882,1242.69,87.03,17.36,22.83,0.51,-1,-1,-1
137,1926,1404.70,589.87,75.84,67.01,0.92,-1,-1,-1
137,1927,1550.73,384.43,42.41,52.96,0.82,-1,-1,-1
137,1928,1316.46,269.72,36.41,46.64,0.84,-1,-1,-1
138,1926,1396.89,595.04,78.70,69.71,0.92,-1,-1,-1
138,1927,1544.58,390.79,42.09,52.40,0.87,-1,-1,-1
138,1928,1311.77,268.89,39.91,51.02,0.81,-1,-1,-1
138,1929,1421.62,599.25,30.20,44.66,0.74,-1,-1,-1
139,1926,1389.67,601.67,79.10,70.42,0.93,-1,-1,-1
139,1927,1541.71,401.08,38.84,48.26,0.79,-1,-1,-1
139,1928,1308.29,274.38,40.18,51.02,0.83,-1,-1,-1
139,1929,1416.38,606.07,29.87,44.31,0.72,-1,-1,-1
140,1926,1377.62,612.42,81.24,72.52,0.89,-1,-1,-1
140,1927,1528.18,390.86,57.70,72.01,0.77,-1,-1,-1
140,1928,1297.76,282.48,40.04,50.66,0.90,-1,-1,-1
140,1929,1403.92,618.91,29.19,43.32,0.64,-1,-1,-1
141,1926,1366.52,619.94,82.73,74.38,0.92,-1,-1,-1
141,1927,1520.65,394.45,60.64,74.73,0.85,-1,-1,-1
141,1928,1286.60,278.51,47.03,59.94,0.88,-1,-1,-1
141,1929,1393.27,625.21,28.81,42.90,0.60,-1,-1,-1
142,1926,1356.46,625.36,84.89,77.28,0.92,-1,-1,-1
142,1927,1515.17,394.87,64.74,80.51,0.81,-1,-1,-1
142,1928,1281.81,283.94,47.40,60.18,0.78,-1,-1,-1
142,1929,1384.80,631.91,31.09,46.64,0.75,-1,-1,-1
142,1931,1526.24,412.61,32.15,39.73,0.53,-1,-1,-1
143,1926,1349.20,630.76,85.00,78.42,0.78,-1,-1,-1
143,1927,1513.88,414.70,53.42,66.49,0.82,-1,-1,-1
143,1928,1277.11,294.35,43.78,55.19,0.86,-1,-1,-1
143,1929,1379.36,640.32,29.10,43.90,0.56,-1,-1,-1
143,1931,1528.62,419.98,25.64,31.69,0.17,-1,-1,-1
144,1926,1342.69,637.82,83.08,77.34,0.91,-1,-1,-1
144,1927,1511.60,427.91,47.52,58.94,0.72,-1,-1,-1
144,1928,1270.73,296.70,45.55,57.38,0.86,-1,-1,-1
144,1929,1372.83,647.23,27.76,42.07,0.66,-1,-1,-1
144,1931,1531.46,426.76,19.26,23.73,0.11,-1,-1,-1
145,1926,1330.87,649.46,82.97,77.71,0.93,-1,-1,-1
145,1927,1499.19,422.12,60.05,75.42,0.80,-1,-1,-1
145,1928,1262.09,306.40,45.13,56.73,0.86,-1,-1,-1
145,1929,1358.20,657.34,29.02,44.18,0.69,-1,-1,-1
145,1931,1522.26,437.18,22.31,27.42,0.56,-1,-1,-1
146,1926,1320.78,657.11,84.93,80.67,0.83,-1,-1,-1
146,1927,1494.89,427.38,62.32,78.39,0.82,-1,-1,-1
146,1928,1255.61,315.49,44.37,55.64,0.82,-1,-1,-1
146,1929,1348.06,668.21,29.77,45.41,0.54,-1,-1,-1
146,1931,1518.16,444.42,18.97,23.34,0.15,-1,-1,-1
147,1926,1312.52,663.92,85.60,82.47,0.93,-1,-1,-1
147,1927,1491.27,444.52,54.41,68.35,0.89,-1,-1,-1
147,1928,1249.58,320.58,45.09,56.44,0.87,-1,-1,-1
147,1929,1341.46,675.76,30.20,46.45,0.55,-1,-1,-1
147,1931,1515.23,451.33,15.78,19.51,0.15,-1,-1,-1
148,1926,1307.14,672.94,84.92,82.33,0.88,-1,-1,-1
148,1927,1487.29,455.93,51.26,64.52,0.89,-1,-1,-1
148,1928,1243.78,324.32,46.91,59.31,0.87,-1,-1,-1
148,1929,1334.29,683.63,30.34,46.42,0.46,-1,-1,-1
149,1926,1299.05,678.94,86.42,85.05,0.91,-1,-1,-1
149,1927,1481.14,449.52,61.49,78.24,0.87,-1,-1,-1
149,1928,1236.21,320.86,53.10,68.80,0.78,-1,-1,-1
149,1929,1328.41,697.31,26.86,40.76,0.54,-1,-1,-1
150,1926,1291.54,686.70,85.97,86.21,0.85,-1,-1,-1
150,1927,1475.63,451.77,65.46,84.04,0.78,-1,-1,-1
150,1928,1234.00,334.80,46.53,60.81,0.85,-1,-1,-1
150,1929,1320.02,701.08,30.79,47.05,0.62,-1,-1,-1
151,1926,1283.92,695.12,85.93,88.29,0.78,-1,-1,-1
151,1927,1467.70,471.17,58.27,73.41,0.83,-1,-1,-1
151,1928,1230.97,343.29,43.07,57.21,0.69,-1,-1,-1
151,1929,1312.44,708.46,31.94,49.70,0.83,-1,-1,-1
152,1926,1274.56,710.35,87.60,90.34,0.87,-1,-1,-1
152,1927,1460.75,473.86,67.65,86.35,0.84,-1,-1,-1
152,1928,1227.65,358.49,37.52,49.67,0.65,-1,-1,-1
152,1929,1299.68,722.47,32.52,51.33,0.71,-1,-1,-1
152,1932,1226.68,363.61,41.91,53.83,0.81,-1,-1,-1
153,1926,1263.96,721.99,86.93,91.26,0.92,-1,-1,-1
153,1927,1458.40,498.78,56.70,72.30,0.71,-1,-1,-1
153,1928,1220.60,364.79,44.30,59.54,0.62,-1,-1,-1
153,1929,1288.28,733.34,33.69,53.85,0.80,-1,-1,-1
153,1932,1225.22,364.81,40.34,51.86,0.68,-1,-1,-1
154,1926,1255.03,732.55,86.08,92.07,0.89,-1,-1,-1
154,1927,1449.50,496.93,64.41,83.81,0.79,-1,-1,-1
154,1928,1215.37,368.21,48.17,65.90,0.82,-1,-1,-1
154,1929,1282.40,745.07,33.16,53.76,0.77,-1,-1,-1
154,1932,1220.03,365.25,44.89,57.87,0.49,-1,-1,-1
155,1926,1242.38,749.32,86.26,94.00,0.92,-1,-1,-1
155,1927,1439.53,522.29,59.85,76.05,0.84,-1,-1,-1
155,1928,1209.87,374.24,52.93,73.68,0.73,-1,-1,-1
155,1929,1271.00,761.68,33.99,55.61,0.76,-1,-1,-1
155,1932,1217.28,381.42,41.08,52.87,0.73,-1,-1,-1
156,1926,1228.48,768.40,87.46,96.82,0.84,-1,-1,-1
156,1927,1434.39,540.10,63.01,77.99,0.78,-1,-1,-1
156,1928,1207.05,392.46,51.86,72.25,0.60,-1,-1,-1
156,1929,1256.24,783.14,33.54,55.49,0.66,-1,-1,-1
156,1932,1213.48,396.98,43.72,56.05,0.64,-1,-1,-1
157,1926,1218.69,782.65,87.51,98.63,0.86,-1,-1,-1
157,1927,1426.37,556.40,59.98,74.73,0.74,-1,-1,-1
157,1928,1202.40,392.00,58.47,83.04,0.86,-1,-1,-1
157,1929,1246.88,798.29,33.87,56.51,0.78,-1,-1,-1
157,1932,1208.49,405.90,48.13,61.73,0.39,-1,-1,-1
158,1926,1209.84,794.22,87.38,100.21,0.92,-1,-1,-1
158,1927,1419.65,566.34,60.62,75.77,0.84,-1,-1,-1
158,1929,1238.57,810.52,34.35,57.58,0.77,-1,-1,-1
158,1932,1206.08,419.35,48.10,61.38,0.81,-1,-1,-1
159,1926,1200.75,806.79,87.96,101.58,0.90,-1,-1,-1
159,1927,1416.23,574.95,63.70,78.73,0.80,-1,-1,-1
159,1929,1229.85,823.67,33.73,56.57,0.73,-1,-1,-1
159,1932,1200.90,426.96,50.25,64.19,0.65,-1,-1,-1
160,1926,1191.59,817.84,89.13,103.28,0.94,-1,-1,-1
160,1927,1405.02,581.31,67.01,81.48,0.79,-1,-1,-1
160,1929,1219.34,833.81,34.72,58.01,0.64,-1,-1,-1
160,1932,1196.94,427.43,55.72,71.42,0.72,-1,-1,-1
161,1926,1180.00,840.08,90.83,105.73,0.88,-1,-1,-1
161,1927,1401.16,597.16,66.90,82.10,0.79,-1,-1,-1
161,1929,1208.39,857.32,34.50,58.16,0.71,-1,-1,-1
161,1932,1197.12,438.24,51.19,65.28,0.54,-1,-1,-1
161,1928,1189.34,424.43,61.10,88.00,0.81,-1,-1,-1
162,1926,1164.40,884.43,97.07,114.27,0.92,-1,-1,-1
162,1927,1399.15,634.66,63.91,79.55,0.85,-1,-1,-1
162,1932,1192.98,464.20,45.86,58.66,0.59,-1,-1,-1
162,1928,1188.01,463.00,53.81,76.80,0.80,-1,-1,-1
163,1926,1145.14,950.57,104.90,124.94,0.92,-1,-1,-1
163,1927,1396.09,676.32,73.92,91.21,0.81,-1,-1,-1
163,1928,1181.64,504.74,52.81,75.12,0.81,-1,-1,-1
164,1928,1168.56,541.61,63.76,91.47,0.78,-1,-1,-1
169,1953,1027.31,768.38,77.74,114.11,0.74,-1,-1,-1
170,1953,995.15,768.36,87.15,128.04,0.85,-1,-1,-1
171,1953,970.47,802.78,73.98,108.05,0.83,-1,-1,-1
171,1959,1226.98,1079.68,64.52,132.94,0.78,-1,-1,-1
172,1953,947.58,816.24,74.22,107.87,0.87,-1,-1,-1
172,1959,1205.42,1082.34,69.04,141.93,0.75,-1,-1,-1
173,1953,930.24,820.66,79.66,115.54,0.87,-1,-1,-1
173,1959,1196.35,1090.59,70.87,145.61,0.79,-1,-1,-1
174,1953,909.85,830.65,87.92,127.98,0.85,-1,-1,-1
174,1959,1190.30,1112.31,72.38,148.51,0.84,-1,-1,-1
174,1966,1195.73,1102.54,45.65,66.61,0.69,-1,-1,-1
175,1953,903.61,861.93,79.89,115.12,0.87,-1,-1,-1
175,1959,1189.02,1130.79,73.69,151.11,0.83,-1,-1,-1
175,1966,1195.71,1117.76,45.90,66.95,0.70,-1,-1,-1
175,1967,950.15,847.37,35.67,58.84,0.62,-1,-1,-1
175,1968,1221.39,1186.12,15.39,41.09,0.60,-1,-1,-1
176,1953,895.81,879.05,80.18,114.79,0.74,-1,-1,-1
176,1959,1188.53,1153.67,72.56,148.01,0.71,-1,-1,-1
176,1966,1193.55,1135.21,48.82,71.21,0.77,-1,-1,-1
176,1967,941.77,859.83,38.87,64.21,0.80,-1,-1,-1
176,1968,1216.61,1204.43,26.13,69.30,0.66,-1,-1,-1
177,1953,881.60,871.61,97.63,140.30,0.87,-1,-1,-1
177,1959,1187.93,1177.62,71.19,145.43,0.83,-1,-1,-1
177,1966,1192.08,1151.49,51.30,74.79,0.53,-1,-1,-1
177,1967,935.43,879.38,35.52,58.68,0.64,-1,-1,-1
177,1968,1214.35,1221.90,29.19,77.40,0.71,-1,-1,-1
178,1953,875.69,906.39,87.48,123.62,0.89,-1,-1,-1
178,1959,1183.96,1186.25,77.15,159.07,0.84,-1,-1,-1
178,1966,1192.99,1172.30,49.75,73.21,0.73,-1,-1,-1
178,1967,927.04,893.94,38.52,63.08,0.70,-1,-1,-1
178,1968,1209.31,1241.99,31.08,81.91,0.83,-1,-1,-1
179,1953,868.46,930.73,86.51,120.00,0.62,-1,-1,-1
179,1959,1177.32,1181.79,88.56,186.32,0.89,-1,-1,-1
179,1966,1198.78,1205.60,41.30,61.74,0.72,-1,-1,-1
179,1967,917.44,909.11,39.92,65.49,0.81,-1,-1,-1
179,1968,1208.19,1263.79,31.41,82.22,0.81,-1,-1,-1
180,1953,849.70,929.55,100.83,139.75,0.79,-1,-1,-1
180,1959,1175.01,1211.10,84.84,180.16,0.91,-1,-1,-1
180,1966,1198.06,1216.82,48.54,73.94,0.52,-1,-1,-1
180,1967,908.18,925.99,40.08,65.76,0.81,-1,-1,-1
180,1968,1202.50,1285.63,30.84,80.54,0.51,-1,-1,-1
181,1953,826.04,947.02,108.85,149.74,0.87,-1,-1,-1
181,1959,1169.60,1246.93,90.07,185.75,0.87,-1,-1,-1
181,1966,1197.45,1249.77,52.53,81.73,0.74,-1,-1,-1
181,1967,892.66,956.54,37.84,62.45,0.57,-1,-1,-1
181,1968,1186.14,1323.90,33.41,84.94,0.76,-1,-1,-1
182,1953,810.80,976.82,105.08,141.39,0.86,-1,-1,-1
182,1959,1157.20,1268.68,94.97,193.23,0.92,-1,-1,-1
182,1966,1196.55,1275.18,53.24,83.67,0.63,-1,-1,-1
182,1967,876.34,971.69,41.55,68.70,0.51,-1,-1,-1
183,1953,795.31,1000.62,103.32,135.71,0.86,-1,-1,-1
183,1959,1145.92,1295.57,96.85,190.81,0.92,-1,-1,-1
183,1966,1193.40,1299.45,55.32,87.79,0.15,-1,-1,-1
183,1967,862.49,985.98,42.33,70.05,0.81,-1,-1,-1
183,1968,1173.00,1374.33,24.50,58.44,0.69,-1,-1,-1
184,1953,780.48,1019.74,103.45,132.44,0.83,-1,-1,-1
184,1959,1136.25,1319.46,100.65,189.14,0.92,-1,-1,-1
184,1966,1190.95,1326.13,52.36,83.40,0.52,-1,-1,-1
184,1967,851.81,997.79,45.11,72.51,0.60,-1,-1,-1
184,1968,1157.73,1397.13,22.73,49.80,0.78,-1,-1,-1
185,1953,752.44,1009.66,124.14,159.14,0.89,-1,-1,-1
185,1959,1116.24,1339.28,106.51,189.72,0.94,-1,-1,-1
185,1967,833.65,1015.33,43.69,69.82,0.79,-1,-1,-1
186,1953,707.08,1063.03,137.55,176.23,0.92,-1,-1,-1
187,1953,709.84,1146.96,95.26,124.48,0.82,-1,-1,-1
190,1927,1342.56,1135.74,128.53,146.49,0.94,-1,-1,-1
191,1974,1275.80,720.54,85.19,95.78,0.92,-1,-1,-1
191,1975,1867.33,1273.27,94.99,78.00,0.87,-1,-1,-1
191,1976,1886.49,1310.39,145.89,154.30,0.84,-1,-1,-1
191,1927,1327.96,1130.93,132.42,143.72,0.94,-1,-1,-1
192,1975,1771.66,1264.83,155.92,128.52,0.82,-1,-1,-1
192,1932,1128.87,714.66,74.01,91.52,0.92,-1,-1,-1
193,1975,1690.99,1234.14,192.43,159.51,0.89,-1,-1,-1
193,1984,1138.82,1105.47,151.50,128.82,0.94,-1,-1,-1
193,1932,1099.50,712.01,75.81,93.02,0.93,-1,-1,-1
194,1975,1664.24,1227.84,183.65,153.18,0.84,-1,-1,-1
194,1984,1121.11,1088.91,156.13,132.83,0.92,-1,-1,-1
194,1932,1079.79,705.03,78.16,91.90,0.91,-1,-1,-1
194,1987,1670.04,1203.77,75.70,84.65,0.87,-1,-1,-1
194,1989,500.61,95.44,20.64,19.76,0.61,-1,-1,-1
195,1975,1638.98,1207.34,184.26,154.71,0.82,-1,-1,-1
195,1984,1104.12,1069.89,160.40,136.77,0.93,-1,-1,-1
195,1932,1072.09,695.75,77.88,90.29,0.92,-1,-1,-1
195,1987,1658.46,1189.77,72.44,80.96,0.87,-1,-1,-1
195,1989,497.82,83.90,29.24,28.01,0.71,-1,-1,-1
195,1990,500.25,77.38,20.85,25.70,0.69,-1,-1,-1
196,1975,1617.80,1180.51,170.30,144.62,0.86,-1,-1,-1
196,1984,1073.09,1041.19,155.39,133.10,0.89,-1,-1,-1
196,1932,1055.34,667.66,76.76,90.11,0.93,-1,-1,-1
196,1987,1618.73,1154.02,74.14,82.72,0.87,-1,-1,-1
196,1989,491.95,64.50,29.94,28.93,0.64,-1,-1,-1
196,1990,494.59,66.94,23.61,28.99,0.63,-1,-1,-1
197,1975,1608.09,1196.52,166.09,142.99,0.86,-1,-1,-1
197,1984,1052.24,1056.33,157.33,135.77,0.85,-1,-1,-1
197,1932,1039.84,669.27,77.93,89.66,0.91,-1,-1,-1
197,1987,1608.28,1171.12,72.46,80.42,0.89,-1,-1,-1
197,1990,487.90,68.42,23.61,28.55,0.74,-1,-1,-1
198,1975,1586.04,1224.54,195.17,171.12,0.88,-1,-1,-1
198,1984,1032.92,1100.44,165.08,144.10,0.89,-1,-1,-1
198,1932,1031.42,690.02,78.32,89.46,0.91,-1,-1,-1
198,1990,474.12,76.28,23.31,27.60,0.81,-1,-1,-1
199,1975,1592.01,1290.34,145.70,129.05,0.91,-1,-1,-1
199,1984,1011.92,1172.72,175.88,155.94,0.92,-1,-1,-1
199,1932,1018.18,724.63,82.93,95.73,0.92,-1,-1,-1
199,1990,453.76,82.39,24.36,28.91,0.61,-1,-1,-1
200,1984,988.89,1266.88,191.19,172.49,0.91,-1,-1,-1
200,1932,1002.69,772.31,86.60,101.17,0.94,-1,-1,-1
201,1984,982.66,1375.36,146.08,131.51,0.77,-1,-1,-1
201,1932,983.64,828.39,92.51,108.69,0.92,-1,-1,-1
202,1932,972.36,870.67,94.89,111.91,0.93,-1,-1,-1
203,1932,962.08,890.41,97.17,114.79,0.94,-1,-1,-1
203,2006,991.64,918.37,37.58,44.66,0.73,-1,-1,-1
203,2007,368.56,141.95,47.79,32.45,0.85,-1,-1,-1
204,1927,1368.49,1406.62,105.85,119.69,0.83,-1,-1,-1
205,2009,1482.26,799.19,84.14,110.35,0.93,-1,-1,-1
205,2010,1507.91,825.11,33.26,43.00,0.67,-1,-1,-1
205,1927,1361.94,1396.43,113.72,135.56,0.93,-1,-1,-1
206,2009,1477.08,784.22,83.68,109.82,0.92,-1,-1,-1
206,2010,1499.95,809.43,43.18,56.10,0.58,-1,-1,-1
206,1927,1357.72,1381.60,123.87,154.23,0.86,-1,-1,-1
206,2012,1066.49,45.02,47.13,36.41,0.79,-1,-1,-1
207,2009,1475.13,768.23,80.65,105.77,0.94,-1,-1,-1
207,2010,1496.41,793.71,44.70,58.41,0.64,-1,-1,-1
207,1927,1347.18,1361.58,131.54,174.09,0.89,-1,-1,-1
207,2012,1062.81,41.13,46.06,35.59,0.82,-1,-1,-1
207,2013,1393.17,1475.00,50.31,52.98,0.78,-1,-1,-1
208,2009,1469.91,738.67,79.21,103.40,0.92,-1,-1,-1
208,2010,1492.71,766.41,35.30,46.12,0.54,-1,-1,-1
208,1927,1336.86,1323.67,140.26,199.41,0.90,-1,-1,-1
208,2012,1059.74,40.37,37.24,28.53,0.78,-1,-1,-1
209,2009,1464.97,720.81,77.56,100.96,0.93,-1,-1,-1
209,2010,1487.50,743.80,38.78,51.24,0.58,-1,-1,-1
209,1927,1336.97,1296.05,136.80,206.30,0.91,-1,-1,-1
209,2012,1052.83,32.44,39.87,30.39,0.68,-1,-1,-1
209,2014,1392.07,1394.15,37.27,59.22,0.85,-1,-1,-1
210,2009,1460.56,705.95,75.72,98.51,0.93,-1,-1,-1
210,2010,1486.79,727.67,39.74,52.04,0.34,-1,-1,-1
210,1927,1336.83,1271.42,131.04,206.53,0.89,-1,-1,-1
210,2012,1047.55,30.38,38.34,28.86,0.78,-1,-1,-1
210,2014,1389.44,1372.97,36.82,58.63,0.89,-1,-1,-1
211,2009,1454.55,680.67,72.48,93.15,0.94,-1,-1,-1
211,2010,1479.19,700.82,32.43,42.59,0.67,-1,-1,-1
211,1927,1337.50,1234.17,123.01,201.87,0.90,-1,-1,-1
211,2012,1038.51,22.90,37.53,27.46,0.86,-1,-1,-1
211,2014,1386.14,1329.06,35.85,57.27,0.88,-1,-1,-1
211,2015,1883.20,1431.76,134.91,97.40,0.70,-1,-1,-1
211,1976,1875.18,1387.44,88.53,91.01,0.89,-1,-1,-1
212,2009,1443.95,652.16,70.99,90.44,0.91,-1,-1,-1
212,1927,1340.72,1194.99,121.61,195.28,0.80,-1,-1,-1
212,2012,1021.99,5.76,49.17,35.90,0.80,-1,-1,-1
212,2014,1381.63,1284.11,35.00,56.09,0.89,-1,-1,-1
212,2015,1898.62,1444.68,95.45,69.35,0.79,-1,-1,-1
212,1976,1858.40,1365.36,142.60,154.46,0.87,-1,-1,-1
213,2009,1437.24,634.02,70.94,89.57,0.93,-1,-1,-1
213,1927,1341.89,1169.89,121.83,191.19,0.84,-1,-1,-1
213,2012,1019.62,5.84,45.22,32.53,0.82,-1,-1,-1
213,2014,1379.67,1258.06,34.57,55.59,0.86,-1,-1,-1
213,2015,1900.74,1422.39,76.18,55.76,0.81,-1,-1,-1
213,1976,1857.53,1346.25,151.01,164.91,0.84,-1,-1,-1
213,2018,1839.99,1301.59,89.06,83.01,0.87,-1,-1,-1
213,2019,1049.33,15.10,14.55,15.82,0.69,-1,-1,-1
214,2009,1424.83,599.28,71.15,88.64,0.91,-1,-1,-1
214,1927,1345.51,1130.05,118.92,182.70,0.83,-1,-1,-1
214,2012,1017.78,6.11,37.14,26.61,0.51,-1,-1,-1
214,2014,1379.92,1212.82,33.43,54.00,0.89,-1,-1,-1
214,1976,1819.15,1263.40,161.54,180.21,0.86,-1,-1,-1
214,2018,1864.67,1317.60,63.77,59.54,0.74,-1,-1,-1
215,2009,1409.90,569.71,67.42,81.84,0.90,-1,-1,-1
215,1927,1347.79,1088.19,115.31,174.95,0.84,-1,-1,-1
215,2012,1016.53,1.47,34.40,24.85,0.77,-1,-1,-1
215,2014,1380.28,1166.70,32.28,52.38,0.85,-1,-1,-1
215,1976,1780.22,1182.27,155.05,177.62,0.89,-1,-1,-1
215,2022,1028.79,0.30,13.05,18.52,0.58,-1,-1,-1
216,2009,1401.48,547.93,69.70,83.67,0.90,-1,-1,-1
216,1927,1345.35,1065.65,109.98,169.59,0.89,-1,-1,-1
216,2012,1018.02,0.80,30.12,21.94,0.64,-1,-1,-1
216,2014,1381.85,1142.73,31.70,51.61,0.87,-1,-1,-1
216,1976,1766.74,1139.17,143.31,166.07,0.79,-1,-1,-1
216,2022,1028.45,0.16,11.73,16.51,0.51,-1,-1,-1
216,2023,1762.34,1121.80,74.76,69.39,0.88,-1,-1,-1
217,2009,1393.15,531.43,65.79,78.38,0.92,-1,-1,-1
217,1927,1354.87,1043.00,107.93,164.02,0.89,-1,-1,-1
217,2012,1018.38,-0.88,26.82,19.57,0.21,-1,-1,-1
217,2014,1384.59,1118.72,31.02,50.75,0.84,-1,-1,-1
217,1976,1757.71,1106.45,122.94,142.80,0.82,-1,-1,-1
217,2023,1794.67,1147.38,59.26,55.19,0.64,-1,-1,-1
218,2009,1386.66,520.21,64.76,75.39,0.91,-1,-1,-1
218,1927,1363.47,1027.52,107.69,160.37,0.88,-1,-1,-1
218,2012,1020.64,-1.21,22.87,16.57,0.62,-1,-1,-1
218,2014,1385.84,1102.65,30.85,50.67,0.86,-1,-1,-1
218,1976,1745.10,1077.05,115.58,133.99,0.81,-1,-1,-1
218,2023,1805.11,1137.53,46.48,43.19,0.63,-1,-1,-1
218,2026,1726.82,1054.03,74.61,70.40,0.84,-1,-1,-1
218,2027,1413.46,537.93,23.28,34.66,0.72,-1,-1,-1
219,2009,1381.85,511.01,63.93,73.41,0.91,-1,-1,-1
219,1927,1365.99,1015.57,107.96,158.51,0.88,-1,-1,-1
219,2014,1385.83,1089.00,30.76,50.84,0.85,-1,-1,-1
219,1976,1724.23,1041.18,121.37,140.67,0.86,-1,-1,-1
219,2026,1714.83,1035.21,74.06,69.93,0.80,-1,-1,-1
219,2027,1406.86,529.06,22.51,33.49,0.83,-1,-1,-1
220,2009,1373.30,496.06,62.21,70.61,0.92,-1,-1,-1
220,1927,1370.54,999.10,106.65,153.70,0.87,-1,-1,-1
220,2014,1386.51,1070.47,30.10,50.00,0.85,-1,-1,-1
220,1976,1708.03,1007.30,117.67,135.48,0.79,-1,-1,-1
220,2026,1697.54,998.54,69.56,65.72,0.84,-1,-1,-1
220,2027,1397.71,511.26,22.53,33.53,0.75,-1,-1,-1
220,2022,1029.17,0.12,7.50,9.21,0.55,-1,-1,-1
221,2009,1366.73,482.63,63.93,71.71,0.91,-1,-1,-1
221,1927,1375.73,987.01,106.29,150.92,0.91,-1,-1,-1
221,2014,1388.34,1056.90,29.94,49.95,0.84,-1,-1,-1
221,1976,1688.69,977.17,118.78,137.63,0.82,-1,-1,-1
221,2026,1689.13,972.91,64.69,60.90,0.84,-1,-1,-1
221,2027,1392.99,497.65,22.00,32.67,0.71,-1,-1,-1
222,2009,1361.17,469.42,62.11,68.57,0.90,-1,-1,-1
222,1927,1382.00,971.08,105.21,146.83,0.69,-1,-1,-1
222,1976,1676.67,943.78,113.84,133.22,0.78,-1,-1,-1
222,2026,1672.37,938.74,65.52,61.60,0.71,-1,-1,-1
222,2027,1383.86,481.83,22.00,32.46,0.71,-1,-1,-1
223,2009,1357.12,460.03,61.83,67.70,0.92,-1,-1,-1
223,1927,1386.85,961.23,104.58,143.56,0.91,-1,-1,-1
223,1976,1675.45,936.99,97.08,113.93,0.82,-1,-1,-1
223,2026,1662.98,915.96,62.23,58.02,0.85,-1,-1,-1
223,2027,1379.54,471.40,22.62,33.27,0.60,-1,-1,-1
223,2014,1395.51,1028.13,28.90,48.56,0.82,-1,-1,-1
224,2009,1349.08,447.85,62.33,66.43,0.90,-1,-1,-1
224,1927,1390.32,947.29,102.52,139.61,0.84,-1,-1,-1
224,1976,1664.30,908.51,90.14,107.32,0.77,-1,-1,-1
224,2026,1655.03,886.00,59.25,54.76,0.86,-1,-1,-1
224,2027,1373.40,457.57,22.46,32.75,0.69,-1,-1,-1
224,2014,1402.30,1011.90,28.76,47.69,0.79,-1,-1,-1
225,2009,1346.76,440.42,61.29,63.71,0.91,-1,-1,-1
225,1927,1388.95,937.82,100.24,137.55,0.89,-1,-1,-1
225,1976,1658.07,893.09,81.94,98.28,0.81,-1,-1,-1
225,2026,1647.62,865.16,58.62,53.69,0.86,-1,-1,-1
225,2027,1370.04,448.36,21.92,32.23,0.75,-1,-1,-1
225,2014,1404.26,1002.72,27.80,45.89,0.82,-1,-1,-1
226,2009,1342.26,433.19,62.21,64.04,0.89,-1,-1,-1
226,1927,1397.71,930.76,100.45,134.48,0.80,-1,-1,-1
226,1976,1655.60,887.35,70.46,84.02,0.85,-1,-1,-1
226,2026,1638.43,848.71,58.89,53.31,0.75,-1,-1,-1
226,2027,1364.28,441.89,21.82,31.66,0.67,-1,-1,-1
226,2014,1406.03,995.10,26.81,43.95,0.75,-1,-1,-1
227,2009,1338.63,427.47,61.93,63.28,0.91,-1,-1,-1
227,1927,1395.18,924.90,98.75,132.24,0.89,-1,-1,-1
227,1976,1647.02,872.54,69.79,82.43,0.73,-1,-1,-1
227,2026,1633.60,834.63,57.88,51.71,0.84,-1,-1,-1
227,2027,1361.50,435.49,21.62,31.19,0.73,-1,-1,-1
227,2014,1408.19,988.96,26.59,43.47,0.79,-1,-1,-1
227,2034,1678.97,899.12,31.37,41.41,0.73,-1,-1,-1
228,2009,1329.48,416.67,63.20,63.06,0.91,-1,-1,-1
228,1927,1400.83,915.90,96.43,127.99,0.86,-1,-1,-1
228,1976,1638.54,847.90,66.26,78.70,0.82,-1,-1,-1
228,2026,1626.69,810.26,57.20,50.41,0.81,-1,-1,-1
228,2027,1355.54,424.73,20.99,30.33,0.62,-1,-1,-1
228,2014,1411.67,977.03,26.93,43.38,0.84,-1,-1,-1
229,2009,1322.61,404.14,62.46,62.09,0.87,-1,-1,-1
229,1927,1403.71,895.49,100.89,135.97,0.91,-1,-1,-1
229,1976,1627.60,809.25,71.19,85.89,0.87,-1,-1,-1
229,2026,1616.48,783.63,56.72,49.55,0.87,-1,-1,-1
229,2027,1344.92,411.16,21.50,30.49,0.67,-1,-1,-1
229,2014,1417.44,964.10,27.95,43.68,0.84,-1,-1,-1
230,2009,1317.62,394.61,61.67,61.22,0.93,-1,-1,-1
230,1927,1412.07,891.48,95.65,130.65,0.89,-1,-1,-1
230,1976,1621.24,786.99,71.07,86.63,0.81,-1,-1,-1
230,2026,1611.23,765.42,54.73,47.19,0.84,-1,-1,-1
230,2027,1341.74,403.07,20.34,28.88,0.75,-1,-1,-1
230,2014,1427.81,955.43,28.47,43.72,0.87,-1,-1,-1
230,2036,1655.65,823.07,29.75,37.65,0.82,-1,-1,-1
231,2009,1313.51,388.63,60.76,60.26,0.89,-1,-1,-1
231,1927,1422.55,883.73,95.53,130.17,0.81,-1,-1,-1
231,1976,1616.31,768.14,71.78,87.65,0.81,-1,-1,-1
231,2026,1604.88,748.93,54.65,46.78,0.76,-1,-1,-1
231,2027,1336.78,395.15,21.18,30.27,0.76,-1,-1,-1
231,2014,1438.57,948.67,28.19,42.54,0.87,-1,-1,-1
231,2036,1650.47,808.15,29.54,37.46,0.77,-1,-1,-1
232,2009,1311.70,381.70,58.28,57.66,0.90,-1,-1,-1
232,1927,1419.05,876.22,96.28,129.23,0.90,-1,-1,-1
232,1976,1614.25,754.61,69.12,83.96,0.78,-1,-1,-1
232,2026,1598.41,733.79,55.77,47.55,0.84,-1,-1,-1
232,2027,1331.13,388.76,19.96,28.43,0.72,-1,-1,-1
232,2014,1449.78,942.01,27.73,41.13,0.83,-1,-1,-1
232,2036,1646.36,789.26,29.31,37.20,0.83,-1,-1,-1
232,2037,1451.46,910.56,25.10,48.97,0.63,-1,-1,-1
233,2009,1308.18,373.11,57.93,57.08,0.87,-1,-1,-1
233,1927,1424.62,868.80,93.15,128.86,0.89,-1,-1,-1
233,1976,1614.57,749.03,61.84,72.78,0.75,-1,-1,-1
233,2026,1594.14,719.64,55.83,47.76,0.79,-1,-1,-1
233,2027,1325.09,380.86,20.23,28.58,0.59,-1,-1,-1
233,2014,1458.56,932.26,29.65,43.15,0.85,-1,-1,-1
233,2036,1645.11,770.64,29.77,38.02,0.75,-1,-1,-1
233,2037,1454.39,898.51,26.08,50.70,0.64,-1,-1,-1
234,2009,1304.52,364.95,57.54,56.53,0.89,-1,-1,-1
234,1927,1429.07,861.61,91.61,129.01,0.90,-1,-1,-1
234,1976,1613.70,739.13,59.09,67.17,0.76,-1,-1,-1
234,2026,1589.08,706.11,55.92,48.17,0.55,-1,-1,-1
234,2027,1322.02,373.52,18.02,25.09,0.63,-1,-1,-1
234,2014,1464.84,925.80,29.05,41.98,0.34,-1,-1,-1
234,2036,1640.63,755.25,29.85,38.07,0.76,-1,-1,-1
234,2037,1456.99,888.55,24.38,46.92,0.22,-1,-1,-1
235,2009,1300.61,359.47,56.92,55.61,0.90,-1,-1,-1
235,1927,1432.38,852.56,89.48,128.54,0.92,-1,-1,-1
235,1976,1596.59,705.97,76.19,86.60,0.73,-1,-1,-1
235,2026,1584.23,693.00,54.83,47.39,0.65,-1,-1,-1
235,2027,1318.08,366.40,20.01,27.73,0.70,-1,-1,-1
235,2014,1469.80,914.77,30.15,44.09,0.82,-1,-1,-1
235,2036,1639.03,741.19,29.40,37.32,0.74,-1,-1,-1
236,2009,1295.13,353.41,57.58,55.86,0.89,-1,-1,-1
236,1927,1427.73,843.59,88.74,126.60,0.90,-1,-1,-1
236,1976,1597.14,704.47,65.91,72.62,0.83,-1,-1,-1
236,2026,1579.92,680.72,53.42,46.11,0.59,-1,-1,-1
236,2027,1314.84,359.02,21.50,29.80,0.76,-1,-1,-1
236,2014,1473.02,905.86,28.72,41.94,0.84,-1,-1,-1
236,2036,1635.32,726.66,28.83,36.19,0.32,-1,-1,-1
237,2009,1290.04,343.19,61.01,59.77,0.91,-1,-1,-1
237,1927,1432.75,832.08,86.86,126.16,0.92,-1,-1,-1
237,1976,1582.56,678.26,77.25,84.54,0.80,-1,-1,-1
237,2026,1574.64,668.32,52.85,45.45,0.81,-1,-1,-1
237,2027,1312.12,352.08,20.92,28.91,0.69,-1,-1,-1
237,2014,1473.02,893.68,29.60,42.80,0.85,-1,-1,-1
237,2036,1629.96,712.36,28.63,36.05,0.72,-1,-1,-1
237,2037,1468.72,867.34,17.34,32.57,0.51,-1,-1,-1
238,2009,1286.63,339.82,58.42,55.46,0.90,-1,-1,-1
238,1927,1436.33,814.58,87.63,131.06,0.91,-1,-1,-1
238,1976,1574.12,659.50,81.74,89.10,0.80,-1,-1,-1
238,2026,1569.79,655.77,51.90,44.78,0.71,-1,-1,-1
238,2027,1307.54,345.57,21.05,28.24,0.75,-1,-1,-1
238,2014,1475.49,880.48,30.69,44.13,0.85,-1,-1,-1
238,2036,1625.44,698.59,28.15,35.31,0.71,-1,-1,-1
239,2009,1282.80,336.13,58.41,54.18,0.92,-1,-1,-1
239,1927,1434.63,809.85,83.31,123.62,0.86,-1,-1,-1
239,1976,1565.71,646.16,83.09,89.41,0.81,-1,-1,-1
239,2026,1562.92,644.40,52.21,45.29,0.72,-1,-1,-1
239,2027,1302.64,340.56,20.84,27.99,0.75,-1,-1,-1
239,2014,1476.99,868.94,30.45,43.76,0.86,-1,-1,-1
239,2036,1615.18,685.55,28.80,35.90,0.75,-1,-1,-1
240,2009,1279.25,332.20,57.07,51.48,0.91,-1,-1,-1
240,1927,1439.32,802.41,81.12,120.30,0.90,-1,-1,-1
240,1976,1571.31,651.91,67.85,71.48,0.57,-1,-1,-1
240,2026,1556.74,634.18,50.97,43.89,0.77,-1,-1,-1
240,2027,1298.42,335.55,20.69,27.74,0.75,-1,-1,-1
240,2014,1478.53,860.11,28.59,40.81,0.68,-1,-1,-1
240,2036,1592.16,668.18,43.23,52.16,0.73,-1,-1,-1
241,2009,1270.00,323.68,58.95,52.53,0.90,-1,-1,-1
241,1927,1444.15,788.02,78.10,115.96,0.92,-1,-1,-1
241,1976,1564.78,639.97,63.28,65.66,0.81,-1,-1,-1
241,2026,1547.13,617.75,51.05,43.82,0.82,-1,-1,-1
241,2027,1290.38,327.29,21.26,28.62,0.75,-1,-1,-1
241,2014,1480.32,840.71,29.04,42.01,0.82,-1,-1,-1
241,2036,1592.26,654.63,34.51,42.20,0.72,-1,-1,-1
242,2009,1262.31,318.01,57.80,49.61,0.90,-1,-1,-1
242,1927,1443.08,763.68,83.58,125.53,0.85,-1,-1,-1
242,1976,1561.07,633.88,57.83,58.31,0.71,-1,-1,-1
242,2026,1540.03,605.28,50.01,42.80,0.72,-1,-1,-1
242,2027,1284.89,320.85,20.50,27.90,0.72,-1,-1,-1
242,2014,1482.09,827.63,27.92,40.26,0.87,-1,-1,-1
242,2036,1586.75,643.17,29.82,36.60,0.75,-1,-1,-1
243,2009,1249.58,303.44,57.45,48.30,0.92,-1,-1,-1
243,1927,1442.96,736.24,81.26,120.17,0.88,-1,-1,-1
243,1976,1547.57,607.85,54.50,53.98,0.83,-1,-1,-1
243,2026,1529.69,579.44,47.15,39.68,0.71,-1,-1,-1
243,2027,1270.91,305.34,20.50,27.84,0.75,-1,-1,-1
243,2014,1481.49,796.10,26.88,39.06,0.71,-1,-1,-1
243,2036,1573.80,613.55,28.43,35.09,0.80,-1,-1,-1
244,2009,1241.11,293.49,58.64,48.46,0.92,-1,-1,-1
244,1927,1447.15,724.00,74.85,110.42,0.93,-1,-1,-1
244,1976,1541.74,590.76,57.12,54.14,0.82,-1,-1,-1
244,2026,1522.30,562.83,48.86,40.48,0.78,-1,-1,-1
244,2027,1262.54,295.30,20.55,27.60,0.77,-1,-1,-1
244,2014,1481.43,778.54,24.65,35.61,0.69,-1,-1,-1
244,2036,1566.36,597.20,26.90,33.73,0.74,-1,-1,-1
245,2009,1234.37,286.97,57.69,46.38,0.92,-1,-1,-1
245,1927,1447.78,707.44,73.99,110.12,0.91,-1,-1,-1
245,1976,1529.28,570.47,65.00,61.73,0.79,-1,-1,-1
245,2026,1518.31,550.47,45.55,37.46,0.80,-1,-1,-1
245,2027,1255.04,288.22,20.24,27.08,0.77,-1,-1,-1
245,2014,1480.71,759.28,26.53,38.80,0.78,-1,-1,-1
245,2036,1559.55,583.48,26.62,33.72,0.75,-1,-1,-1
246,2009,1229.79,282.44,57.29,44.99,0.89,-1,-1,-1
246,1927,1441.61,697.78,72.80,105.53,0.85,-1,-1,-1
246,1976,1527.91,566.23,57.89,53.65,0.81,-1,-1,-1
246,2026,1512.87,541.46,44.35,35.89,0.74,-1,-1,-1
246,2027,1248.90,282.27,20.84,27.99,0.70,-1,-1,-1
246,2014,1480.80,745.23,26.48,38.86,0.76,-1,-1,-1
246,2036,1553.97,572.04,26.44,33.80,0.75,-1,-1,-1
247,2009,1224.41,277.50,57.86,44.66,0.92,-1,-1,-1
247,1927,1448.76,686.77,71.30,103.40,0.91,-1,-1,-1
247,1976,1527.27,561.02,53.30,48.72,0.71,-1,-1,-1
247,2026,1508.01,532.02,45.28,36.19,0.73,-1,-1,-1
247,2027,1244.29,277.87,20.23,27.26,0.71,-1,-1,-1
247,2014,1481.15,731.28,26.80,39.27,0.81,-1,-1,-1
247,2036,1549.33,562.02,26.26,33.34,0.62,-1,-1,-1
248,2009,1216.23,270.98,57.45,43.92,0.92,-1,-1,-1
248,1927,1445.83,668.15,69.61,99.26,0.86,-1,-1,-1
248,1976,1516.98,546.09,54.02,48.69,0.81,-1,-1,-1
248,2026,1500.38,518.53,45.31,36.01,0.76,-1,-1,-1
248,2027,1236.66,270.85,19.88,26.72,0.74,-1,-1,-1
248,2014,1481.20,711.47,26.12,37.45,0.84,-1,-1,-1
248,2036,1542.63,547.82,25.50,32.49,0.65,-1,-1,-1
249,2009,1210.41,265.74,58.98,44.81,0.90,-1,-1,-1
249,1927,1448.89,652.31,69.42,98.85,0.92,-1,-1,-1
249,1976,1501.76,528.90,62.63,55.27,0.83,-1,-1,-1
249,2026,1494.27,508.77,44.73,35.38,0.81,-1,-1,-1
249,2027,1230.81,265.73,19.63,26.51,0.66,-1,-1,-1
249,2014,1484.40,701.43,21.83,31.57,0.39,-1,-1,-1
249,2036,1537.29,539.40,23.62,30.11,0.75,-1,-1,-1
250,2009,1205.28,262.22,59.49,45.12,0.91,-1,-1,-1
250,1927,1439.13,637.11,72.86,100.97,0.86,-1,-1,-1
250,1976,1501.79,523.96,59.08,51.47,0.81,-1,-1,-1
250,2026,1487.78,501.59,47.19,37.35,0.69,-1,-1,-1
250,2027,1226.89,262.87,19.28,26.04,0.76,-1,-1,-1
250,2014,1482.32,685.59,23.84,34.84,0.73,-1,-1,-1
250,2036,1531.58,531.46,23.24,29.58,0.64,-1,-1,-1
251,2009,1201.42,259.59,59.85,45.33,0.91,-1,-1,-1
251,1927,1443.65,630.54,69.28,95.67,0.91,-1,-1,-1
251,1976,1499.46,519.64,56.30,48.78,0.62,-1,-1,-1
251,2026,1482.30,493.87,46.33,36.54,0.70,-1,-1,-1
251,2027,1222.84,260.01,19.38,26.22,0.76,-1,-1,-1
251,2014,1482.38,673.37,23.17,33.91,0.73,-1,-1,-1
251,2036,1526.63,523.24,24.02,30.20,0.13,-1,-1,-1
252,2009,1198.31,256.98,59.68,45.16,0.90,-1,-1,-1
252,1927,1443.51,608.76,74.43,104.69,0.86,-1,-1,-1
252,1976,1490.35,507.96,60.19,52.17,0.82,-1,-1,-1
252,2026,1477.24,486.41,45.85,35.86,0.76,-1,-1,-1
252,2027,1219.83,257.09,19.22,26.10,0.76,-1,-1,-1
252,2014,1481.35,660.41,24.07,34.92,0.75,-1,-1,-1
252,2036,1522.84,515.98,23.83,29.49,0.68,-1,-1,-1
253,2009,1195.77,254.92,58.56,44.28,0.89,-1,-1,-1
253,1927,1444.56,603.20,71.24,96.80,0.91,-1,-1,-1
253,1976,1487.78,503.44,56.21,48.54,0.87,-1,-1,-1
253,2026,1474.08,479.76,44.48,34.44,0.79,-1,-1,-1
253,2027,1217.30,254.12,19.05,26.01,0.69,-1,-1,-1
253,2014,1482.34,649.27,22.64,33.05,0.68,-1,-1,-1
253,2036,1516.82,507.98,23.93,29.96,0.74,-1,-1,-1
254,2009,1192.91,251.89,58.84,44.58,0.89,-1,-1,-1
254,1927,1446.19,598.46,66.36,88.42,0.90,-1,-1,-1
254,1976,1481.86,494.11,60.99,50.99,0.84,-1,-1,-1
254,2026,1469.29,473.13,46.21,35.70,0.73,-1,-1,-1
254,2027,1214.66,251.60,18.39,25.16,0.65,-1,-1,-1
254,2014,1482.06,636.90,23.21,33.35,0.84,-1,-1,-1
254,2036,1511.22,500.44,23.75,30.06,0.75,-1,-1,-1
255,2009,1190.24,248.47,59.01,44.86,0.89,-1,-1,-1
255,1927,1439.35,588.07,68.23,86.64,0.89,-1,-1,-1
255,1976,1464.59,472.96,76.27,64.70,0.86,-1,-1,-1
255,2026,1466.17,464.30,45.22,35.04,0.63,-1,-1,-1
255,2027,1212.18,249.33,18.11,24.87,0.66,-1,-1,-1
255,2014,1481.33,624.43,23.18,33.10,0.76,-1,-1,-1
255,2036,1504.83,493.99,22.55,28.70,0.31,-1,-1,-1
255,2039,1463.70,611.66,21.56,24.29,0.72,-1,-1,-1
256,2009,1188.95,241.32,56.62,43.02,0.89,-1,-1,-1
256,1927,1434.77,562.41,75.96,95.28,0.88,-1,-1,-1
256,1976,1468.95,470.07,64.52,54.60,0.69,-1,-1,-1
256,2026,1463.85,453.20,43.89,33.45,0.74,-1,-1,-1
256,2027,1210.11,240.97,18.72,25.76,0.74,-1,-1,-1
256,2014,1481.63,608.48,23.21,33.47,0.69,-1,-1,-1
256,2036,1500.57,480.12,24.26,31.47,0.35,-1,-1,-1
257,2009,1186.44,240.50,60.04,46.09,0.90,-1,-1,-1
257,1927,1437.54,568.80,71.79,88.10,0.92,-1,-1,-1
257,1976,1457.92,459.63,77.55,66.82,0.85,-1,-1,-1
257,2026,1462.80,453.38,45.26,34.45,0.66,-1,-1,-1
257,2027,1209.37,241.09,18.68,25.76,0.64,-1,-1,-1
257,2014,1485.05,607.97,23.15,33.57,0.56,-1,-1,-1
257,2039,1462.31,598.77,23.96,27.23,0.66,-1,-1,-1
258,2009,1183.59,247.16,64.24,50.08,0.92,-1,-1,-1
258,1927,1438.72,575.91,79.70,98.13,0.91,-1,-1,-1
258,1976,1455.95,467.72,80.72,70.64,0.90,-1,-1,-1
259,2009,1183.60,265.67,61.83,47.90,0.89,-1,-1,-1
259,1927,1446.05,600.03,82.78,99.60,0.89,-1,-1,-1
259,1976,1464.90,486.68,57.24,48.95,0.70,-1,-1,-1
260,2009,1182.39,289.97,62.70,48.29,0.92,-1,-1,-1
260,1927,1447.25,645.06,82.66,94.86,0.88,-1,-1,-1
260,2014,1482.25,545.02,37.52,52.55,0.68,-1,-1,-1
261,1927,1449.99,682.48,98.47,113.07,0.92,-1,-1,-1
261,2048,1491.25,582.09,42.77,39.48,0.52,-1,-1,-1
262,1927,1484.37,673.55,75.02,84.56,0.73,-1,-1,-1
262,2054,1496.12,631.77,48.38,45.41,0.76,-1,-1,-1
266,2074,1358.55,1209.63,135.74,180.83,0.94,-1,-1,-1
266,2075,1044.82,611.04,87.83,75.10,0.92,-1,-1,-1
266,2076,1458.69,1020.40,94.95,114.28,0.89,-1,-1,-1
266,2077,1438.55,994.02,65.88,62.27,0.88,-1,-1,-1
267,2074,1328.44,1190.45,131.58,174.69,0.90,-1,-1,-1
267,2075,1031.85,605.91,86.28,73.57,0.91,-1,-1,-1
267,2076,1421.93,985.46,110.56,133.15,0.85,-1,-1,-1
267,2077,1422.07,982.30,62.07,58.56,0.82,-1,-1,-1
268,2074,1284.52,1129.79,132.22,176.44,0.95,-1,-1,-1
268,2075,1003.31,587.84,86.96,74.13,0.92,-1,-1,-1
268,2076,1392.56,955.52,104.06,125.33,0.77,-1,-1,-1
268,2077,1430.51,1000.33,47.82,45.49,0.70,-1,-1,-1
